Name,Review_Count,Year of Experience,Positive_Review,Negative_Review
Karen Armstrong,270,25,263,7
Velma Jones,214,23,214,0
Jay Swedlaw,160,15,155,5
Dr. Terri  Sawyer,151,7,149,2
Dr. Courtney Liggera,144,17,137,7
Lori Melhart,136,20,134,2
Debra Halseth,132,19,131,1
Robin Campbell,130,30,129,1
Jill Ortolano,129,15,128,1
Sara Irwin,128,10,128,0
Potoula Diaz,121,23,117,4
Dr. Julia Kogan,120,8,118,2
Cindi Stewart,111,20,111,0
Andrew Wurth,110,25,108,2
Jono Lee,107,12,105,2
Jerry Crimmins,107,18,102,5
Dr. Carnell Colebrook-Claude,106,28,106,0
Prof. Valerie Starr,105,30,105,0
Katharine Jamison,105,8,104,1
Dr. Daryl Temkin,104,32,102,2
Saju Abraham,104,9,103,1
Christina Polizzo,103,27,103,0
Jorge Abreu,101,30,99,2
Rick Fulton,99,29,98,1
Ryan Smith,99,8,97,2
Emily Schwimmer,97,19,96,1
Andrea Levitan,95,18,94,1
Rachel Tiede,94,8,92,2
Karen Fischer,93,25,91,2
Anne Douglas,92,20,90,2
Pat Sumlin,92,20,89,3
Yumi Couper,90,8,89,1
Amy Plumb,90,11,85,5
Jennifer Fishman,89,12,88,1
Erica Mau,88,14,87,1
Stephanie Sherman,88,10,87,1
Maryann Whalen,88,22,88,0
Margaret Lorenz,86,23,85,1
Anthony Dykes,86,8,84,2
Lisa Stammerjohann,84,26,83,1
Dr. Julie McCune,84,20,84,0
Barbara-June Appelgren,84,45,79,5
Audra D'Eliso,83,10,82,1
Risa Lenney,83,30,83,0
Dr. Brad Burklow,82,25,80,2
Lisa Childers,81,25,80,1
Tara Michener,81,7,80,1
Dr. Kevin Wilbanks,80,27,77,3
Andrea Brant,79,9,75,4
Douglas Mitchell,79,8,77,2
Dr. Elizabeth Nyang,79,15,79,0
Vanessa Bonaparte,79,15,79,0
Traci E Ball,77,25,77,0
Steve Garufi,76,16,75,1
Brooke Bowen,76,18,74,2
Patricia Corlew,76,30,75,1
Jonathan Frenkel,75,11,74,1
Hsiao-Chieh Chiu,72,9,72,0
Sheila Flipse,72,27,72,0
Lucie Knapp,72,17,72,0
Tiffany Howard,72,20,71,1
Ruth Vanden Bosch,72,23,71,1
Maria Biasiotto,72,30,71,1
June Thornton-Marsh,71,26,69,2
Annie Milam,71,6,71,0
Dr. Terri Lechnyr,70,16,70,0
Charles Mendler,70,20,69,1
Dr. Samuel Abbott,70,16,67,3
Dr. Christina Gonzalez,70,17,70,0
Cessel Boyd-Lewis,69,5,69,0
Tracy Will,69,30,68,1
Dr. Vivia Hill-Silcott,68,8,67,1
Elisabeth Davis,68,22,65,3
Mary Lee Palmer,67,41,66,1
Jennifer Fritz,67,20,67,0
Dr. Kourtney Vaillancourt,67,14,64,3
Kelly  Griffin,67,13,67,0
Theresa Gibson,66,20,64,2
Deana Duckenfield,66,6,65,1
Ingrid Johnson,66,19,66,0
Nancy DiStefano,66,30,65,1
Barbara Leigh,65,32,64,1
Jesse Moon,65,10,63,2
Sharon Valentino,64,11,63,1
Kari Whatley,64,4,63,1
Patricia Lord,64,5,64,0
Kimberley Haley,63,20,60,3
Tim Fredrik Edquilag,63,7,63,0
Teresa Adams,63,12,62,1
David Demorest,62,16,61,1
Dr. Todd Ephraim,62,31,61,1
Denise Whall-Marlin,61,8,59,2
Brandon Graf,61,11,60,1
Aaron Gardner,61,19,60,1
Carly Mentlik,61,15,61,0
Carla Fort,61,10,60,1
Theresia Jackson,61,10,60,1
Donna Keehn,61,8,60,1
Victoria Scott,60,8,60,0
Matthew Jones,60,7,59,1
Deborah Unger,60,12,60,0
Jayne Chianelli,59,20,59,0
Judy Goldman,59,18,57,2
Adrienne Norwood,59,3,58,1
Dr. Karina Kim,59,24,59,0
Judith Lathrop,59,24,58,1
Kelley Sullivan,59,19,57,2
Pamela Walker,58,20,57,1
Donnie Fenton,58,10,58,0
Natalie Furdek,58,10,57,1
Gail Roberson,58,30,57,1
Casey Cobb,58,9,58,0
Tiffany Murray,58,3,57,1
Farhat Hasan,58,13,58,0
Christina Rolerson,57,11,57,0
Suzanne Sexton,57,26,56,1
Amanda Horting,57,7,57,0
Phil D'Agostino,57,29,57,0
Ingrid Middleton,56,17,56,0
George Lawson,56,28,56,0
Connie Branham,56,39,56,0
Jeannette Abelson,56,20,55,1
Jacqueline Baiada,56,27,56,0
Chelsey Hauer,56,17,55,1
Stephen Witte,56,35,54,2
Jane Meyers,56,17,55,1
Meghan Griffin,55,14,54,1
Dr. Alison Mell,55,8,54,1
Kimberley Smith-Maxwell,55,10,55,0
Jan Hernandez,55,35,55,0
Riddhi Sevak-Patel,55,7,53,2
Rachael Hyatt,54,4,54,0
Lynne Healey,54,25,54,0
Kara Anderson,54,25,54,0
Patrick Smith,54,15,53,1
Kathryn Starratt,54,22,53,1
Charlotte Neville,54,36,53,1
Delishia Williams,53,11,53,0
Dr. Nancy Forrest,53,25,53,0
Sabrina  Cleveland,53,4,53,0
Rev. Larry VanHook,53,6,52,1
Dr. Lori Whatley,53,20,53,0
Kalene McSwain-Faulkner,53,3,53,0
Kristi Myricks,53,30,53,0
Krysten Rohlik,53,9,53,0
Dr. Willie Cameron,52,16,50,2
Tina Taylor,52,11,52,0
Joshua Plantz,52,15,52,0
Dr. Charisse Diaz,52,15,52,0
Danae  Mutchelknaus,52,3,52,0
Dr. King Counts,51,12,50,1
Sandra Lancaster,51,10,51,0
Enrique Sanchez,51,20,46,5
Jennifer Teague,51,13,50,1
Connie Drew,51,15,48,3
Janet Huff,51,20,50,1
Merissa  Pryor,51,8,51,0
Christina Collins,50,11,48,2
Courtney Macon-Arnold,50,19,49,1
Julie Dodson,50,30,50,0
Dr. Daniella Jackson,50,17,49,1
Aldo Hernandez,50,25,49,1
Laura King,50,13,50,0
Aisha Jakachira,50,10,50,0
Laura Thompson,50,20,49,1
Karen Foster,50,20,50,0
Ava Griffiths,50,20,48,2
Valarie Collins,50,15,50,0
Dr. Jamie Spohn,50,11,49,1
Debra Arseneaux,50,16,50,0
Monique Harris,49,5,49,0
Cindy Johnson,49,8,47,2
Dr. Scott Anstadt,49,36,49,0
William Dougherty,49,16,48,1
Allison Wallace,49,7,48,1
Dr. Scott Butler,48,22,47,1
Desirea Russell,48,7,48,0
Alexis  Johnson,47,11,47,0
Jennifer Albert,47,20,46,1
David Spann,47,29,47,0
Yvette Smith,47,5,45,2
Kimberlee  Thomas,47,28,47,0
Wendy Reiersen,47,12,45,2
Farah Westbrook,46,11,46,0
Georgina Nunez,46,30,46,0
April Condemi,46,7,45,1
Brianna Weber,46,3,46,0
Sirena Robinson-Luczak,45,8,44,1
Gabriele Cash,45,11,45,0
Jennifer Garland,45,12,44,1
Renee Senn,45,22,44,1
Orly Katz,45,13,44,1
Michele Calin,45,25,45,0
Matthew McGuire,45,6,44,1
Wendy Galyen,45,17,43,2
Cynthia Robinson,45,18,45,0
Genna Risucci,44,5,44,0
Kalii Roller,44,13,43,1
Judi Biniamow,44,23,44,0
Ann-Marie Duncan,44,27,44,0
Denise Fisher,44,16,43,1
Dr. Rachel Merlin,44,9,44,0
Tonya Hillman,43,9,43,0
Mark-Jeremy Trybulski,43,18,42,1
Dana Storey,43,3,43,0
Melissa Russiano,43,25,43,0
Gale Dollard,43,7,43,0
Gary Gabbard,43,21,41,2
Julia Walker-Sandoval,43,7,43,0
Avrahom Rosenberg,43,6,41,2
Eryn Greenstein,43,1,41,2
Gregory Hayes,43,25,42,1
Felicia Rock,43,8,42,1
Chris Conley,43,10,43,0
Shelley Dodt,43,5,42,1
Seneca Williams,43,8,43,0
Dr. Emily Mayfield,42,12,41,1
Keisha  Wood,42,18,42,0
Rebekah Shaulis,42,10,40,2
Elizabeth Jones,42,7,42,0
Tracy Faust,42,20,42,0
Danielle Centofranchi,42,15,41,1
Lindsay DeMarlie,42,8,42,0
Kameron Macrorie,42,14,41,1
Beth Deja,42,10,40,2
Darice Dodd,42,13,41,1
Monica King,42,30,40,2
Holly Campbell,42,12,42,0
Audrey Kelly,42,17,42,0
Charnell Benjamin-Carter,42,10,40,2
"Christine Whittaker,  LMFT",41,11,41,0
Terry Carreiro,41,15,41,0
Mike Pfisterer,41,5,41,0
Elizabeth Shartle,41,12,40,1
Steve Reinoehl,41,10,41,0
Jennifer Thompson,41,13,41,0
Patrick Currie,41,20,41,0
Kayce Bragg,41,10,39,2
Tasha Wilder,41,13,40,1
Thea Vondracek,41,13,40,1
Erin Yurchenko,40,12,40,0
Dr. Ari Hahn,40,18,40,0
Dr. Jill Kapil,40,9,39,1
Stanley  Fireman,40,40,38,2
Chamika Block,40,6,40,0
Craig Halpern,40,19,38,2
Marissa Kent,40,5,39,1
Beverly Vanover,40,7,40,0
Rachel Wilson-Snyder,40,19,40,0
Kelly Lambie,40,9,40,0
Paula Schneider,40,18,40,0
Lori Kolb,40,14,40,0
Melanie Bagaglio,40,19,39,1
Leah Pavela-Mullins,40,15,39,1
Cynthia Tatum,40,6,40,0
Amy Bates,40,5,40,0
Toni Kooy,40,14,40,0
Dr. Emily Christensen,39,20,39,0
Aaron Dutil,39,11,39,0
Hillary Haarmann,39,20,39,0
Carlithea Farrington,39,20,39,0
Goldie Oakes,39,16,39,0
Sarah Spiro,39,3,39,0
Tiffany Wymore,39,3,38,1
Dr. Tanya Harrell,39,5,38,1
Don Maestas,39,10,38,1
Sadie Miller-Daley,39,7,38,1
Natalie Bryan,39,5,38,1
Ilani Ighedosa,39,6,39,0
Dr. Glenda Baez,39,18,39,0
Alyson Kohl,39,23,37,2
Cecilia Kosak,39,10,39,0
Dr. Katarina Olea,38,16,38,0
Samantha Wright,38,20,38,0
Lauren Ball,38,21,37,1
Diane Poehlman,38,30,37,1
Kimberly Hauser,38,14,37,1
Johnie Souza,38,10,38,0
Barbara Berry,38,19,38,0
Harry R Gilley,38,25,37,1
Ramy Danon,38,12,38,0
Dr. Joelle Kallio,38,15,38,0
Amy Dibos,38,36,37,1
Stephanie Beebe,38,20,37,1
Dr. Shana Helmholdt,38,3,37,1
Gerry Watson,38,16,36,2
Nicole Roth,38,20,38,0
Joyce Keene,38,28,38,0
Naomi Kim,38,5,38,0
Michelle Pellin,38,6,38,0
Emily Cole,38,3,38,0
Catherine Lorino,38,20,37,1
Phoenix Rokni,37,11,37,0
Joseph Frey,37,7,37,0
Danielle Wayne,37,6,36,1
Jackie St. Louis,37,11,37,0
Twila Quaid,37,5,37,0
Dr. Tina  Lott,37,9,37,0
Dr. Karen Owen Jimenez,37,10,36,1
Chris McKillop,37,6,37,0
Leslie  Harvey,37,9,36,1
Donald McAvinchey,37,35,37,0
Lillianne McBeth,37,18,36,1
Dr. Edward Suarez,37,20,34,3
Alicia Fiske,37,5,36,1
Sheryl  Essenmacher,37,22,37,0
Heather Pierucki,37,8,35,2
Jenna Waterbury,37,14,36,1
Tunjua Nathaniel,37,19,35,2
Rachel Margolin,37,23,37,0
Kathleen Monroe,36,6,35,1
Amanda Mott,36,12,36,0
Brandon Woffinden,36,7,36,0
Jillian Hopkins,36,35,36,0
Anna Smyth,36,19,36,0
Dr. Melissa Oleshansky,36,23,36,0
Dr. Jannice Bailey,36,28,36,0
Tahna Purnell,36,11,36,0
Valerie Steele,36,3,35,1
Angela Hoffman,36,3,36,0
Deborah Walach,36,13,36,0
Harriet Gordon,36,8,36,0
Sharon Woodard,36,10,36,0
Shana Latham,36,20,35,1
Akemi McGoogan,36,10,36,0
Dr. Tracy Thiem,36,33,36,0
Aprile Andelle,36,8,36,0
Dr. Sonya Boone,36,13,34,2
Dr. Magna Porterfield,36,26,35,1
Dan Kimball,36,18,34,2
Buddy Duncan,35,20,35,0
Heather Manello,35,17,35,0
Karen Will,35,13,35,0
AJ JEFFREY,35,12,34,1
Chelsea Deines,35,4,34,1
Amy Titzer,35,20,35,0
Steven Berman,35,4,34,1
Mary Selby,35,15,35,0
Thelma Costello,35,35,35,0
Karen House,35,22,35,0
Ian Guthrie,35,5,34,1
Crystal Pasciak,35,7,35,0
Catherine Coffield,35,18,34,1
Jason Huber,35,20,35,0
Aisha Simons,35,20,33,2
LaKeisha Blackwell-Wright,35,10,35,0
Collin McShirley,35,7,35,0
Robin Brock,35,19,35,0
Kimberly Navarro,35,17,35,0
Cheryl (Stanton) Fellas,35,13,35,0
Gina Marquardt,35,8,35,0
Karen Hamp,35,47,35,0
Neil Babins,35,5,35,0
Emmily Weldon,35,6,35,0
Joseph Sherry,35,19,33,2
Hollie Chambers,35,4,35,0
Tara Bleakley,35,11,35,0
Jennifer Harrison,34,10,34,0
Phyllis Babrove,34,23,34,0
Diane Gores,34,6,33,1
John ODonoghue,34,27,34,0
Dan Cooper,34,11,34,0
Shawn Edgington,34,5,34,0
Dr. Cyndy Adeniyi,34,21,33,1
Hannah Noel,34,7,34,0
Dr. Kate Murphy,34,10,33,1
Pamela Travers,34,20,34,0
Michelle Solo,34,22,34,0
Erin Smith,34,10,34,0
Rachel Stuart,34,5,34,0
Tracy Carpenter,34,25,34,0
Stephanie  Locascio,34,12,34,0
Alisha Edmiston,34,6,34,0
Dr. Saima Sandhu,34,14,33,1
Rashawnda Carey,34,7,33,1
Brian Edwards,34,25,34,0
Matthew Eubanks,34,15,34,0
Kelley Machado,34,,33,1
Charlotte Carlson,34,9,34,0
Robin Fore-Martin,34,14,34,0
Barbara Forstberg,34,12,33,1
Dr. Tracy Hollingworth,34,15,34,0
Pamela Waitkus,34,20,33,1
Gail St.James,34,18,34,0
Craig Kalman,34,30,32,2
Caralee Crary,34,16,33,1
Rachia Wellner,34,22,33,1
Joel Downs,34,5,34,0
Christina Taylor,34,4,34,0
Lance Rao,34,10,33,1
Whitney White,34,6,34,0
Erin Vasquez,34,20,34,0
Stephanie Hegle,34,10,34,0
Kate Gorman,34,15,33,1
Jamie Dimacchia,33,3,33,0
Lorraine Helferich,33,6,32,1
Danielle  Poehlman,33,8,33,0
Samantha Whelan,33,12,32,1
Jeanine Taylor,33,15,33,0
AnnMarie Worcester,33,25,31,2
Susan Hargett,33,7,33,0
Ellen Fields,33,30,32,1
Johanna Jameson,33,7,32,1
RJ Beckett,33,11,33,0
Rev. Mary Redding,33,33,32,1
Judy Carran,33,20,33,0
Janet Mutahangarwa,33,10,33,0
Rebecca Ingalls,33,25,33,0
Dr. Adeline McTavous,33,22,33,0
Audrey Berdeski,33,12,33,0
Emily Gutierrez,33,18,32,1
LaTravia Williams,33,29,32,1
Dr. Debbi Kutner,33,12,33,0
Megan Propps,33,14,33,0
Christopher  Witman,33,11,33,0
Donald Rincon,33,13,33,0
Leslie Jacobs,33,28,32,1
Sharon Szalejko,33,14,33,0
Lindsay McGovern,33,13,33,0
Tonya Jordan,33,6,33,0
Patricia Pardy,33,16,33,0
Noralyn  Jackson,32,6,32,0
Jennifer Moragas,32,9,32,0
Cheryl Bowen,32,30,31,1
Faith Morgan,32,16,32,0
Martha Padilla,32,8,32,0
Brandalyn Kemp,32,10,31,1
Kelly Brast,32,18,32,0
Melissa Torres,32,12,31,1
Andrea Urbanek,32,4,32,0
Wyn Fox,32,8,32,0
Gay  Williamson-Grigas,32,20,31,1
James  White,32,10,30,2
Shawna Pankonin,32,12,30,2
Khalid Greenaway,32,3,32,0
Jean De Oliveira,32,3,32,0
Iris Bilan,32,5,31,1
Natalie Sanders,32,19,32,0
Carrie Savage,32,10,31,1
Dr. Paul Wright,32,10,32,0
Rachel Hirning,31,15,31,0
Avia  James,31,7,31,0
Mike Malone,31,16,31,0
Brian Kees,31,5,31,0
Erika Mateus,31,7,30,1
Dr. Michelle Lind,31,20,31,0
Ted Rostiac,31,10,29,2
Lindsay Bennett,31,3,31,0
Heather Butler,31,8,30,1
Allison Bankston,31,5,30,1
Dina Vineberg,31,3,30,1
Dr. Jessica Hamm,31,12,31,0
Dr. China Allen,31,18,31,0
Dr. Meri Rule,31,6,30,1
Dr. Brenda Bridges,31,7,31,0
Dr. Pamela Bratton,31,35,31,0
Kathryn Robinson,31,7,29,2
Carnel  Jones,31,3,31,0
Erin McDaid,31,6,31,0
Matthew Mateika,31,5,30,1
Jamie Miles Haynes,31,6,31,0
AmySue Hartman,31,26,31,0
Samantha  Morales,31,12,31,0
Torchessa West-Jackson,31,16,30,1
Semone Danage,31,11,31,0
Jamie Finkelstein,31,7,30,1
Victor Garcia,31,8,31,0
April McElroy,31,4,30,1
Sandi Grabasch,31,6,31,0
Christine Garwick-Foley,31,20,31,0
Catherine Misciagna,31,30,31,0
Jeff Moffitt,31,25,31,0
Kenneth Joseph,31,20,31,0
Crystal Westman,31,16,31,0
Pamela Byrd,31,20,31,0
Charlotte Stanton,31,13,30,1
Rev. Anita Graeser Adams,31,3,30,1
Erica Harris,31,18,31,0
Hugues Jean Marcelin,30,7,30,0
Timothy Welch,30,20,30,0
Brittany Fleischer,30,7,30,0
Beth Castrati,30,18,30,0
Greg Shannon,30,9,28,2
Michal Collier,30,19,29,1
Dr. James  Clifton,30,30,30,0
Dr. Janece Richard,30,12,29,1
Tara Cook,30,12,29,1
Patricia Nelson,30,25,30,0
Jill Wheeler,30,8,30,0
Beverly Jones,30,7,29,1
Teresa Adcock,30,10,30,0
Stacey Kiger,30,7,29,1
Tracey Van Dyke,30,3,30,0
Dr. Sarah Langley,30,25,30,0
Bridgette Eaton,30,10,29,1
Nicole Sobh,30,13,30,0
Jenifer Piegaro,30,15,30,0
Jacqueline Ross,30,3,29,1
Elaine Messarra,30,20,28,2
Jenna Lander,30,7,30,0
Karen Murray,30,6,29,1
Natasha Dedijer-Turner,30,23,30,0
Shellene Cornish,30,10,30,0
Dr. Evalyne Ekesa,30,3,30,0
DaVaughn Jackson,30,20,29,1
Nadja Zapasov,30,18,30,0
Mark Sherling,30,13,29,1
Jessica Baird,30,17,30,0
Elizabeth Diaz,30,10,30,0
Patrice Mcbeath,30,3,28,2
Jennifer Brown,30,11,29,1
Melissa Pesce,30,7,30,0
Dr. Karla Caballero,30,9,30,0
Simone Mack,30,10,30,0
Seandel Aiken,30,13,30,0
Karin Johnson,30,16,30,0
Deborah Wood,29,30,29,0
Melissa Mendez,29,7,28,1
Harsimranjeet Minhas,29,3,28,1
Jocelyn Young,29,17,29,0
Keith Welsh,29,20,28,1
Ray Butts,29,30,28,1
Lynette Pitre,29,5,29,0
Bonnie Edwards,29,20,29,0
Dr. Daniel Sebbag,29,13,29,0
Robin Witt,29,10,29,0
Dr. Aurthur  Goodwin,29,5,29,0
Michael Pithis,29,9,28,1
Waynette Speakman,29,11,29,0
Brianne Phillips,29,15,29,0
Lauren Hales,29,16,28,1
Christie Ryan,29,15,29,0
Michael Ecuyer,29,30,28,1
Pamela Goucher,29,30,29,0
Stephanie Phipps,29,15,28,1
Anna Klimachefsky,29,13,29,0
Estela Isla,29,6,28,1
Shywanna Glenn-Honoré,29,3,29,0
Philip Clary,29,9,29,0
Sheri Wyatt,29,30,28,1
Lauren Stenzel,29,10,29,0
Christal Ward,29,8,28,1
Daniela Romano,29,11,29,0
Wenona Wray,29,12,29,0
Dawn Perry,29,6,28,1
Rebecca Hunt,29,5,29,0
Beth Trennepohl,29,5,29,0
Christy Stinton,29,14,29,0
Alvina Acquaye,29,7,28,1
"Eva ""Melissa"" Gadd",29,21,29,0
Mary Skinner,29,6,29,0
Dr. Thelma Clark,29,30,29,0
Lucas Streets,29,10,29,0
Joseph Beck,29,20,29,0
Steven Nurkin,29,12,29,0
Clea Weiss,29,25,29,0
Curtis Williams,29,5,29,0
Angela Cook-Hoekwater,29,11,29,0
Jeff Bennett,29,27,28,1
Whitney Jenerette,29,6,29,0
Amy Matthews,29,35,26,3
"Dr. Lauture Massac, Ph.D",29,25,29,0
Jennifer Brigman,29,12,28,1
Cynthia  Pinion,29,12,29,0
Dana Legrande,29,12,28,1
Rebecca Clinton,28,10,26,2
Dr. Elena Felipe,28,20,28,0
Russell MacKay,28,3,28,0
Stacey Fox,28,8,28,0
Suzanne Johnson-Grace,28,35,28,0
Dr. Robin Beauregard,28,31,28,0
Dr. Shelia Williamson Collins,28,14,28,0
Carmen Grace,28,6,28,0
Kristin Fuller,28,16,28,0
Raquel Huerta,28,8,28,0
Robin Hall,28,8,28,0
Toy Newcomb,28,9,27,1
Gary Nelson,28,17,28,0
Ebony Clayton,28,6,28,0
Kristi OHair,28,19,28,0
Katheryn Matthews,28,25,27,1
Dr. Stella Fernandez,28,17,28,0
James  Gibb,28,8,28,0
Ellen Parkinson,28,20,28,0
Martha Hamm,28,23,28,0
Heath Ridenbaugh,28,3,27,1
Daniel Schroeder,28,7,27,1
Jennifer Miller,28,8,27,1
Katalin Hanana,28,9,28,0
David Ochshorn,28,19,27,1
Lee Jackson,28,6,27,1
Elizabeth Bell,28,3,27,1
Tara Brisnehan,28,3,28,0
Timothy Anderson,28,8,28,0
Michelle Durham,28,14,28,0
Reegan Koppelman,28,5,26,2
Dr. Jeanne Witter,28,35,26,2
Dr. Capri Cruz,28,8,27,1
Rebecca Solomon,28,19,28,0
Laverne Santangelo,28,10,27,1
Laurie Sansom,28,10,27,1
Jennifer Leos,28,15,27,1
Dr. Kahilah Jones,28,15,27,1
Jared Maloney,28,3,26,2
Krista Lacroix,28,5,26,2
Terri Kern,28,5,28,0
Nicole Sheppard,28,9,28,0
Tamara Wright,28,5,28,0
Kristin Bontempi,27,15,25,2
Becky King,27,27,27,0
Saundra Robinson,27,3,27,0
Dr. Josh Briley,27,20,26,1
Tahreer Ahmad,27,4,27,0
Monika Cheang,27,20,27,0
Levenia Carey,27,27,27,0
Dr. Timothy Yen,27,8,27,0
Marcia Catlett,27,20,27,0
Dr. Sara Cornell,27,23,26,1
Debra Lawson,27,27,27,0
Deirdre Devlin,27,10,27,0
Victoria Davila,27,4,27,0
Dr. Isibel Moreno,27,14,26,1
Alisha Cooper,27,12,26,1
Orin Conant,27,9,27,0
Robert Bowman,27,24,27,0
Valynda Jerome-Williams,27,10,27,0
Rhonda Chorley,27,35,27,0
Jessica Dobbs,27,8,27,0
Natalie Grabowski,27,7,27,0
Stephanie Lara,27,6,27,0
Susan “Sue” LeMay,27,13,25,2
Linda Blackburn,27,20,27,0
Joy Nussen,27,30,27,0
Camilla Ford,27,25,26,1
Natalie  Stainback,27,10,26,1
Angela Zavala,27,9,27,0
Amanda Rausch,27,12,27,0
James Allen,27,10,27,0
Amelia  (Amy) Benedict,27,11,26,1
Antoinette Woods,27,20,27,0
Dr. April Brewer,27,8,27,0
Tiffany Chen,27,7,27,0
Bryan Young,27,6,26,1
Michelle Fennessy,27,20,27,0
Marsha Oxamendi,27,9,27,0
Lavon Fletcher,27,20,27,0
Kristy Hemmele,27,20,27,0
Dr. Natalie Feinblatt,27,15,26,1
Danielle  Johnson,26,10,26,0
Kenya Amos,26,6,26,0
Heather Abreu,26,15,26,0
Alicia Hughes,26,4,25,1
Amy Hayes,26,22,25,1
Natalie Harter,26,23,26,0
Tammie Jensen,26,19,26,0
Linda Turral,26,15,26,0
Angela Jackson,26,14,26,0
Dr. Bob Nolan,26,30,26,0
Dr. Graham Dixon,26,6,26,0
Linda Seibert,26,6,26,0
Dr. Teresa Russell,26,16,26,0
Brian  Kjelvik,26,5,26,0
Wayne Barnstone,26,23,26,0
Kate Roth,26,23,25,1
Jennifer Such,26,3,26,0
Tom Warren,26,46,26,0
Luis Resendez,26,11,25,1
Celine Medlock,26,13,26,0
Mark Mazzoni,26,20,23,3
Gbubemi Uwaifo,26,10,25,1
Karensa Goodman,26,9,26,0
Karie Leduc,26,17,26,0
Leah Finn,26,8,26,0
Brian Shapiro,26,35,26,0
Priya Thiele,26,21,26,0
Dr. Carissa Ferguson-Thomas,26,22,26,0
DeWan McPherson,26,11,26,0
Alin  Tovar,26,10,26,0
Dawn Brown,26,22,25,1
Leah McGraw,26,10,26,0
Jason Adams,26,16,26,0
Genny Luppino,26,6,26,0
Marjorie Fagan,26,14,26,0
Julian Cano,26,22,25,1
Paul Deutsch,26,19,25,1
Dr. & Mrs. Ebony Baker-White,26,11,24,2
Heidi Martin,26,8,25,1
Famous Erwin,26,16,25,1
Elena Martin,26,12,26,0
Trista Sorenson,26,8,26,0
Jamie Williams,26,11,25,1
Tonja Price,26,20,26,0
Jane Ambro,26,16,25,1
Allyson Corcoran,26,8,26,0
Katie Andrews,26,5,26,0
Anne Schultz,26,7,26,0
Lindsay Zimmitti,26,18,24,2
Rev. Gary Greene,26,15,24,2
Shannon Cunningham,26,8,26,0
Nichol Stasko,26,8,26,0
Rebecca Zeleny,26,13,26,0
Angel Nelson,26,15,24,2
Teneka  Miles,26,10,25,1
Steven Buck,26,30,25,1
Jennifer Dattilo Watts,26,8,26,0
Jenny McClarren,26,4,25,1
Amanda Wiginton,26,9,25,1
Aya Kupfer,26,5,26,0
Terra Ogle,25,15,25,0
Rebekah George,25,10,25,0
Robin Denk,25,8,24,1
Darcel Elliott,25,12,25,0
Steve Lai,25,26,24,1
LaDonna Malone,25,8,25,0
Chisato Hotta,25,6,25,0
James Bunch,25,7,25,0
Dr. Michael Gordon,25,16,24,1
Nicole Thomte,25,9,24,1
Robert Gould,25,10,25,0
Shakina Robinson,25,16,25,0
Shana Trahan,25,4,25,0
Kristina McCray,25,9,25,0
Erin  Smith,25,4,25,0
Tamara Williams-Reding,25,30,25,0
Annalicia DiLollo,25,5,25,0
Ivy Villani,25,3,25,0
Amy Claude,25,5,24,1
Kimberley  Sterling,25,9,25,0
Jeffrey Lambert,25,14,24,1
Alexine Batts,25,5,25,0
Edwin Wea,25,20,25,0
Kathryn Davis-Lashley,25,5,24,1
LaShica Hemingway,25,12,25,0
Julie Borden,25,23,25,0
Claudette Gaynor,25,13,25,0
Patricia Stern,25,30,24,1
Nicole Garza,25,12,25,0
Daniel O'Neill,25,11,25,0
Barbara Muller-Ackerman,25,28,24,1
Dr. Marcel Montanez,25,10,25,0
Dr. Cynthia Regardie,25,28,24,1
Stephanie Cole,25,9,25,0
Krista Olson,25,12,24,1
Stephen Richardson,25,3,25,0
Kelly Dambra,25,4,25,0
Michelle  Prado,25,12,25,0
Dr. Jeannette Rodriguez,25,13,25,0
Joly Kettles,25,6,25,0
Shannon Hannah,25,15,25,0
Tom Lewis,25,25,25,0
Dr. Dianne Doyle,25,20,25,0
Valerie Marsh,25,20,25,0
Dana Mortensen,25,20,25,0
Rebecca Roebke,25,10,24,1
Bette Blondin,25,25,25,0
Susan King,25,7,25,0
Karen Palmer,25,20,25,0
Katherine Longley,25,8,25,0
Celeste Souza,25,15,25,0
Rachel Tsimbidis,24,8,24,0
Natalie Dewitt,24,10,24,0
Mary Jennifer Meister,24,16,24,0
Colleen Aziz,24,9,23,1
Jennifer  Bicknese,24,7,23,1
Faith Lang,24,20,22,2
Yasmin Botte,24,7,24,0
Michaia Walker,24,7,24,0
Andrew Miller,24,4,24,0
Brian White,24,8,24,0
Dr. Roxanna  Duntley-Matos,24,20,24,0
Hilary Stover,24,11,24,0
Walter Bowers,24,20,22,2
LaQuanda Wiggins,24,5,24,0
Jasmine Travis,24,4,24,0
Vanessa Foulk,24,7,23,1
"Jerusha  ""Anne"" McCutchen",24,24,24,0
Jennifer Maggar,24,3,24,0
Jonathan Behler,24,7,23,1
Nancy Boyett,24,27,22,2
Lorey Simons,24,6,23,1
Bernadette  Wood,24,3,23,1
Michelle Petty,24,8,24,0
Dr. Brad Morris,24,15,22,2
John Llauget,24,39,24,0
Lydia Antonatos,24,9,23,1
Tami Labul,24,17,23,1
David Bradley,24,40,24,0
Jay Greathouse,24,13,24,0
David Potts,24,11,24,0
Courtney Tallman,24,18,21,3
Dr. Pam Brodie,24,17,24,0
Cleo Thompson,24,20,24,0
Vincent Pietropaoli,24,5,23,1
Yvonne Heim,24,15,24,0
Larry Payne,24,15,24,0
Melissa Nadler,24,19,22,2
Elizabeth DeLullo,24,6,23,1
Rashad Skinner,24,10,23,1
Quinche' Tucker,24,9,24,0
Erica Racinowski,24,5,24,0
Faith  Makris Becker,24,5,24,0
Demire Coffin-Williams,24,4,24,0
Terri Benton,24,22,23,1
Lisa Arce,24,4,24,0
Dayna Coombs,24,15,24,0
Jessica Sawyer Horne,24,16,24,0
Ruthie Brooks,24,6,24,0
Jennifer Malkin,24,16,24,0
John Arens,24,6,24,0
Brittney  King,24,7,24,0
Alexandra Mott,24,8,22,2
Dr. Stacey Maples,24,20,23,1
Yetunde Battle,24,6,24,0
Monique Franklin,24,6,24,0
Judith Wilson,23,24,23,0
Stephanie Headen,23,8,22,1
Laura Glenn,23,13,22,1
Danielle Peters,23,12,23,0
Susan Oxford,23,24,23,0
Rebecca Williams,23,4,22,1
Mary Crawford,23,10,23,0
Emily Schram,23,8,23,0
Dr. Vernice Richards,23,9,23,0
Mattie Wellmon,23,8,23,0
Carla Wright,23,12,23,0
Richard Strand,23,20,23,0
Sandtrice Russell,23,9,22,1
Beverly Furstenberg,23,5,22,1
Tina Peck,23,6,22,1
Jenny Delacruz,23,10,23,0
Nikki Ciletti,23,22,23,0
Rene Brathwaite,23,6,23,0
Norma Cuenca,23,8,23,0
Dr. Tracy Mallett,23,20,23,0
Reginald  Jordan,23,7,23,0
Dr. Lonnie Stapp,23,6,23,0
Megan McKeon,23,15,23,0
David Ellis,23,35,23,0
Dr. Jonathan Wilson,23,12,23,0
Linda Lawless,23,12,23,0
Gretchen Murchison,23,20,23,0
Jessica Dean,23,13,23,0
Blaire Schroder,23,14,23,0
Michelle Trupiano,23,5,23,0
Nakeisha McGee,23,5,23,0
Dr. Irina Fredericks,23,13,23,0
Julie Knight,23,30,23,0
Dr. Melissa Paige Begich,23,16,23,0
Sindy Ortiz-Corona,23,12,23,0
Anna Alberti,23,22,23,0
Mary Sudduth,23,11,22,1
Dr. Kimberly Walsh,23,28,23,0
Jessica Short-Slack,23,9,23,0
Debbie Jordan,23,21,23,0
Carolynn White,23,8,23,0
Denise Mason,23,20,23,0
Samuel Parker,23,45,22,1
Jennifer Reynolds,23,11,23,0
Christie Stegmaier,23,5,23,0
Amy Halter,23,15,21,2
Carolyn Jones,23,29,22,1
Leann Moore,23,6,23,0
Jeff Hartwig,23,12,23,0
Amanda Burts,23,35,21,2
Cecile Ollar,23,15,23,0
Dayna Russo,23,7,22,1
Rebecca Paruszkiewicz,23,5,21,2
Rodney Carson,23,10,23,0
Jenise Aydell-Hontiveros,23,13,23,0
La Keicia Boyd,23,14,23,0
Chinyere Tunsill,23,7,23,0
Judy Goldsmith,23,29,23,0
April Coley,23,12,23,0
Kristin Tenuta,23,17,22,1
Kiosha Davis,23,3,22,1
Cecilia Vasquez,23,3,23,0
Amanda  Francis,23,6,23,0
Anne  Jessen,23,13,23,0
Tracy Bailey,23,3,23,0
Adeola Adefowoju,23,9,23,0
Barbara Hendrix,23,16,22,1
Derylene Proctor,23,30,23,0
Sara Nielsen,23,14,23,0
Catherine Heil,22,9,22,0
Rachel Rivera,22,3,22,0
Jacques Noguess,22,12,22,0
Linda Miller,22,5,22,0
Melissa Whelan,22,23,22,0
Mark Licitra,22,12,21,1
Dannon Mims,22,11,22,0
Moushumi Ghose,22,10,22,0
David West,22,6,22,0
Karissa Melchior,22,7,22,0
Mark Goodman,22,10,21,1
Noel Curry,22,5,22,0
Joy Rumsey,22,9,21,1
Leticia Cervantes,22,5,20,2
Stephanie Bigham,22,20,22,0
Jason Avery,22,7,21,1
Esther Gottlieb,22,8,22,0
Nancy Cerullo,22,25,22,0
Christie Walsh,22,5,22,0
Treacy Hueve,22,9,22,0
Molly Terry,22,20,21,1
Melissa Hall,22,5,21,1
Heather Sheely,22,6,22,0
Oliver Harper,22,20,22,0
Samantha White,22,30,22,0
Barbara Ramsey,22,35,21,1
Alan Kahn,22,3,22,0
Sarah Warfield,22,5,22,0
Adam  Bernstein,22,15,19,3
Kerri  Wenner,22,6,21,1
Saskia Charles,22,17,22,0
Alex  Boianghu,22,28,21,1
Amberlyn  Keller,22,3,22,0
Dr. James Wadley,22,18,21,1
Joshua Beavers,22,5,22,0
Erin Thomas,22,7,22,0
Paige Marcantel,22,15,22,0
Dr. Ofori Asante,22,14,21,1
Jaye Jackson,22,4,22,0
Jazmine Maddox,22,4,22,0
Rebecca  Poladian,22,20,22,0
Cortney Bota,22,10,21,1
Dr. Bearlyn Ash,22,17,22,0
L.  Nora  Durand,22,5,21,1
Stacy  Fruhling,22,15,22,0
Margaret Buchholz,22,3,21,1
Rebecca Fiest,22,19,22,0
Amanda Polk,22,3,22,0
Stephen Serrato,22,10,22,0
Keisha  Crooks,22,5,21,1
Sharolette Rogers,22,18,22,0
Lisa Watson,22,10,22,0
Sharon Dinges,22,11,21,1
Lyndsey Klemme,22,3,22,0
Dr. Sue Pollington,22,33,22,0
Greg Schoeneck,22,4,22,0
Krista Zabor,22,8,21,1
Laura Imbriale,22,21,22,0
Marysue Mastey,22,30,22,0
Phil Wieszczyk,22,8,19,3
Laura Pengelly,22,16,21,1
Elizabeth Smith,22,5,21,1
Carmen Kinzy,22,3,22,0
Angela Mathew,22,25,22,0
Rahjon Acey,22,8,20,2
Mimi Akhand,22,9,21,1
Rima Jomaa,22,10,22,0
Jennifer Jacobs,22,5,21,1
Lisa La Rose,22,20,21,1
Elle  Lee,22,4,22,0
Jennifer Hill,22,16,22,0
Peter Agostino,22,8,22,0
Shonnie   Brown,22,27,21,1
Jeff Scott,22,6,22,0
Sreela Stovall,22,15,22,0
Amy Sherman,22,21,22,0
Lisa Rivers,22,27,22,0
Brandi Sewell Puga,22,5,22,0
Gonzalo Walter Wilches,22,23,21,1
Eric Weaver,22,9,22,0
Lenora Ziegler,22,25,21,1
Brad Rzepniewski,22,34,22,0
Dr. Derek Hopson,22,38,21,1
Stephanie Snyder,22,10,22,0
Craig Rice,22,11,20,2
Cheryl Scopinich,21,19,21,0
Jennifer Quagliariello,21,10,21,0
Carol Gross,21,20,21,0
Cameron Williams,21,12,21,0
Dr. Lauren Loberg,21,10,21,0
Ellen Suski,21,4,21,0
Chuck Jorenby,21,25,21,0
Olivia Sanchez,21,14,21,0
Cheryl Salas,21,18,21,0
Beth Ellen Hancock,21,13,21,0
Amanda Scardino,21,20,21,0
Carolyn Levitan,21,15,21,0
Laura Gryniewich-Franklin,21,20,21,0
Linda Close,21,14,21,0
Tihesha Lemon-Deacon,21,15,20,1
Cheri Sotelo,21,12,21,0
Brett D'Aoust,21,3,20,1
Symone Taylor,21,6,21,0
Jessica Walker,21,4,21,0
Robert Jensen,21,6,20,1
Michelle Jimenez,21,15,21,0
Susanne Hamilton,21,12,20,1
Kentaya Nielly,21,6,20,1
Kamara Marsh,21,22,21,0
Jeff Eastman,21,9,20,1
Kristy Johnsson,21,7,21,0
Aryeh Minkin,21,5,21,0
Quanda  Banks-Montanez,21,3,21,0
Linda Crawford,21,15,21,0
Kerline Alexis,21,6,20,1
Patricia Sage-McLean,21,16,21,0
Dr. Michelle  Bailey,21,20,21,0
Dr. Charles Greene,21,5,21,0
Maylynn Staggs,21,10,21,0
Shadan Ferdousi,21,13,20,1
Dr. Shannon Tassava,21,22,21,0
Adrienne Brown,21,14,20,1
Stephanie Niemela,21,12,21,0
Dr. Stephanie Barnes,21,38,21,0
Gail Eaves,21,6,21,0
Amanda Morgan,21,13,21,0
Jillian Meher,21,7,21,0
Sasha Nicolle,21,7,21,0
Heather  Heath,21,10,21,0
Dr. Nancy Morritt,21,27,20,1
Patricia Price,21,15,21,0
Justen Bryant,21,11,21,0
April  Freeman,21,5,21,0
Heather Shaver,21,3,21,0
Garrett Cooper,21,5,21,0
Mija Serrano,21,9,21,0
Dr. Melissa Madeson,21,3,21,0
Maya Neal,21,13,21,0
Vanessa Lumpkin,21,6,21,0
Veronica McKnight,21,28,21,0
Ryan Murphy,21,13,20,1
Steven Hayes,21,3,21,0
Cathy Heaps,21,20,21,0
Maiah Merino,21,20,21,0
Lynda Merritt,21,7,21,0
Danielle Proch,21,6,20,1
Shawn Alyea,21,20,21,0
Arthur Belmont,21,24,21,0
DeVaunier Cannon,21,3,21,0
Amy MacHarg,21,10,20,1
Marybeth Brady,21,20,21,0
Jeff Thompson,21,14,20,1
Juline  Hobson,21,4,21,0
Susan O'Connor,21,15,21,0
Lisa Bradford,21,30,21,0
Wendy Ludlow,21,23,21,0
Rev. Constance Hughes,21,18,21,0
Jamie Brandmair,21,9,20,1
John Asuncion,21,11,20,1
Sarahi Hernandez,21,10,20,1
Priscilla McLemore,21,8,19,2
Kiaundra Jackson,21,8,21,0
Kristiane Webb,21,5,21,0
Shelly Daniel,21,10,21,0
Liza Patchen,21,5,21,0
Roslyn Pursley,21,13,21,0
Chelsea Holmes,21,5,21,0
Desi Isidro,21,15,21,0
Amy Baucum,21,11,20,1
Joe Chambers,21,3,21,0
Elaine Noland-Sepko,21,8,21,0
David Head,21,8,20,1
Melissa Klemkosky,21,7,20,1
Amanda Andrews,21,6,21,0
Andee Gay,21,23,21,0
Lesa Leiden,21,11,21,0
Brenda Atkinson,21,24,21,0
Jessica Zike,21,20,21,0
Savili (S) Williams,20,9,19,1
Dr. Vanessa Montero,20,6,20,0
Alta Davis,20,20,20,0
Emmanuel Nwala,20,3,19,1
Talia Toon,20,10,20,0
Marguerite Wilcox,20,20,19,1
Gina West-Hendrickson,20,11,20,0
Danielle Bitner,20,14,20,0
Denise DeBrady,20,11,19,1
Aimee Edwards-Hunter,20,14,19,1
Darlene Fletcher,20,3,19,1
Natasha Wagner,20,16,20,0
Dr. Beth Pausic,20,15,19,1
Jorie Wehrell,20,14,20,0
Raelene Faught,20,7,19,1
Kristy Wolanski,20,18,20,0
Dr. James Nolan,20,30,20,0
Sharon Ulrich,20,10,19,1
Jeanette Bunch,20,18,20,0
Stacey Bohlmann,20,12,19,1
Dr. Bonnie Floyd,20,20,20,0
Josh Flowers,20,13,20,0
David Cogdell,20,10,20,0
Betty Green Gibbs,20,13,20,0
Cynthia Wiedemann,20,25,20,0
Valerie Thompson,20,21,19,1
Shannon Dameron,20,3,19,1
BethAnn Delaney,20,25,20,0
Sarah Frohock,20,21,20,0
Vivian Vasquez,20,21,18,2
Erin Gabehart,20,15,20,0
Mary Brieske,20,8,20,0
Sheaundra O'Neil,20,6,18,2
Martha  Portman,20,10,20,0
Kelly Thompson,20,5,20,0
Philip Zarowny,20,10,20,0
Courtney Comstock,20,8,20,0
Rachel Mullins,20,9,20,0
Kathleen Dooling,20,16,19,1
Priscilla Wilson,20,12,19,1
Dr. Kanako Okuda,20,18,20,0
Joselin Herrera,20,4,20,0
Ashley Hutchens,20,5,20,0
Ashley Andersen,20,6,20,0
Katrina Howard,20,12,20,0
Frankie Rhodes,20,18,20,0
Danielle Stokely,20,25,20,0
Cora Strickland,20,15,19,1
Dr. Paula Alvarez,20,30,20,0
Sonya Allen,20,3,20,0
Krys Mangandi,20,6,20,0
Dr. Gemma Barriteau,20,15,20,0
Rod Lind,20,25,19,1
Bernadette Alers,20,20,20,0
Tracie Hillard,20,15,20,0
Paige Henry,20,10,20,0
Cheryl Gray,20,16,19,1
Regina Osime,20,13,20,0
Cherie Taylor,20,6,19,1
Trina McDonald,20,10,20,0
James Harrison,20,12,20,0
Joan Schifaudo,20,18,19,1
Debra Shelton,20,17,20,0
Thomas Shoffner,20,3,19,1
Paola Tarragona,20,4,19,1
Sairah Ansari,20,3,19,1
"Jennifer ""Jen"" Kind",20,9,19,1
C. Diahnn Austenfeld,20,13,20,0
Barbara Kass,20,8,20,0
Loretta Smith,20,5,20,0
Carmen  Reyes,20,25,20,0
Lovea Smith,20,15,20,0
Amber Smith,20,6,20,0
Beryl Southall,20,3,20,0
Eric Kammersgard,20,31,20,0
Brin Ballard,20,3,20,0
Julie Barrett,20,20,20,0
Jasmine Jones,20,3,20,0
Alexanderial Jones,20,9,20,0
Pratibha Srivastava,20,12,20,0
Linda Lauretta,20,24,20,0
Jennifer Barajas,20,10,20,0
Nichole Molnar,20,6,20,0
Maxine Lebowitz,20,30,20,0
Rebecca Jarrell,20,18,19,1
Merlena James Leger,20,11,20,0
Betty Acierno,20,8,19,1
Jerrie Smith,20,20,18,2
Dr. Melissa Hardin,20,10,18,2
Candace Newland,20,15,19,1
Jamie McLemore,20,26,20,0
Erica Taylor,19,11,18,1
Dr. Carol Fletcher,19,21,17,2
Desarae Jennings,19,11,18,1
Bertha  Myers,19,3,19,0
Dr. Anna Jetton,19,18,19,0
Tracey Reno,19,6,19,0
Dr. Adell Flowers,19,12,19,0
Jennifer Geib,19,9,19,0
Tavia James,19,8,19,0
Cheryl Tredway,19,10,19,0
Pam Rowell,19,6,19,0
Randee Olive,19,13,19,0
Catherine Flores,19,17,19,0
Maggie Lemley,19,11,19,0
Susan Jentoft,19,25,19,0
Janice Burton,19,15,19,0
Dr. Fredric Richmond,19,43,19,0
Amy Faust,19,16,19,0
Chavon Williams,19,5,19,0
George Joseph,19,23,17,2
Monae Weathington,19,8,19,0
Jeannie Meyers,19,9,18,1
Tavonda Hudson,19,5,18,1
Troy Gibson,19,4,19,0
Rebecca Henry,19,5,19,0
Courtney Adcox,19,5,19,0
Adrianne Mason,19,15,19,0
Jennifer Lawrence,19,10,19,0
Chiralaine Natschke,19,15,18,1
James (Jim) Neumann,19,20,16,3
Indya Peoples,19,14,19,0
Nadine Collier,19,20,19,0
Amber Dalzell,19,14,18,1
Erin Welsh,19,9,19,0
Torria Richardson,19,3,18,1
Kristin Bowers,19,8,19,0
Bridget Boursiquot,19,15,19,0
Joan French,19,3,19,0
Alison Nyman,19,7,19,0
Katie Husted,19,6,18,1
Emily Minear,19,5,19,0
Rebecca Koskiniemi,19,5,19,0
Brittany Rasky,19,6,18,1
Stephanie Clausen-Swenson,19,10,18,1
Heather Scarboro,19,6,18,1
Christopher Hall,19,4,19,0
Louise Long,19,25,18,1
JUDITH PREIATO,19,17,19,0
Linda McNellis,19,26,18,1
Martha Meador,19,3,18,1
Philip Nicholas,19,3,19,0
Katy Hamilton,19,8,19,0
Cris Roman,19,12,19,0
Nneka Hartfield,19,3,18,1
Monica Cruz,19,11,19,0
Deena Baty,19,7,19,0
Jennifer Rhein,19,7,19,0
Dr. Gayla Campbell,19,30,19,0
Patricia Hamilton,19,12,19,0
Robin Livingston-Richter,19,25,19,0
Terri Ray,19,25,19,0
Elisabeth Steiner-Smith,19,25,19,0
Emily Stevenson,19,12,19,0
Valeh Inskeep,19,14,19,0
Mary Louise Inzerillo,19,20,19,0
Tia Jackson,19,25,18,1
Gina Mango,19,10,18,1
Shoshanna Joss,19,3,18,1
Stacy Triumph,19,21,19,0
Evelyn Spaar,19,7,19,0
Gail Harris,19,9,19,0
Angel King,19,6,19,0
Curtis Denham,19,17,19,0
Betina Bolin,19,10,18,1
Amanda DiGenova,19,10,19,0
Shannon Gooch,19,6,19,0
Tracey Wingold,19,15,19,0
Dallassa Hale,19,5,19,0
Nicole Kindt,19,11,19,0
Alicia Goodman,19,15,19,0
Rashonda ClayDouthit,19,22,19,0
Mark Wardlow,19,3,19,0
Heather  Schwalen,19,10,19,0
Mindy Edwards,19,8,18,1
Dr. Jennifer Ayers,19,23,19,0
Keri Kitchen,19,12,19,0
Heather  McClure Mann,19,22,18,1
Cathleen Owens,19,12,19,0
Lauren Rodriguez,19,16,19,0
Eileen  O'Toole Kunmann,19,5,18,1
Melissa Pagarigan,19,4,19,0
Leigh Cascioli,19,30,19,0
Marisa Takau,19,10,19,0
Ross Kellogg,19,6,19,0
Natalia Rivera,19,10,19,0
Nikeisha  Parker,19,11,19,0
Delores Smith,19,47,19,0
Dr. J (JoLene) Klumpp,19,15,19,0
Maria A. Rios,19,9,19,0
Amanda Derheimer,19,16,19,0
Roman Petrocelli,19,11,19,0
Rick Haynes,19,40,19,0
Paula Peterson,19,13,19,0
Sarah Veliz,19,12,19,0
Lori Kyriacou,19,19,19,0
Gloria Dove,19,6,19,0
Karen Worthey,19,15,19,0
Tonya Walker,19,7,19,0
Sarina Grant,19,4,19,0
James Norris,19,7,19,0
Tonia  Cassaday,19,7,18,1
Julie Schindhelm,19,20,19,0
Dr. Craig Schneider,19,41,19,0
Gabrielle Burholt,19,6,18,1
Ruby Hawkins-Jack,19,18,19,0
Amira Doucette,19,20,19,0
Joanne Coddington,19,9,19,0
Justin Salcedo,18,4,18,0
Holly Duffy,18,8,18,0
Chung Pham,18,20,18,0
Dr. Warren Steinman,18,35,18,0
Mariana Morales,18,7,16,2
Dr. Hattie Hagans,18,40,18,0
Amber Bathon,18,13,18,0
Erica Patton Simpson,18,25,18,0
Beth Salmo,18,4,17,1
Kala  Anders,18,7,18,0
Shana Cronican,18,5,18,0
Dwayne Kilgore,18,6,17,1
Lindsay Humphrey,18,4,18,0
Kara Jakubec,18,5,18,0
Jennifer Sherman,18,9,18,0
Lacy Shawn,18,12,17,1
Kathy Link,18,8,17,1
Marie Murphy,18,6,18,0
Cherronica Ormond,18,4,17,1
Trudy Crow,18,16,17,1
Heather Bowman,18,9,18,0
Karan Foti,18,12,18,0
Roy Woods,18,14,18,0
Dr. Kimberly Patterson,18,10,18,0
Andrew Kohl,18,15,17,1
Michelle Jensen,18,7,18,0
Les McRae,18,30,18,0
Juan Angel,18,6,18,0
Erin Fisk,18,15,17,1
Staci Davis,18,25,17,1
Stephanie Davis,18,4,18,0
Richard Orona,18,11,18,0
Dr. Lasicillie  Johnson,18,12,18,0
Aleeza Parkey,18,10,18,0
Jada April-Brown,18,14,18,0
Jeana De Lay,18,17,17,1
Alissa Green,18,12,18,0
Ann Russoli,18,30,18,0
Tameka Lavender-Hyche,18,7,17,1
Joselyn Spence,18,8,18,0
Jackie Burns,18,15,18,0
Jennifer Del Castillo,18,10,18,0
Yohalinny Veloz,18,6,18,0
Mary Slaton,18,7,18,0
Adrianna Onwawoma,18,9,18,0
Dr. Zena Vevaina,18,11,17,1
Kristine Vazquez,18,7,16,2
Melanie Mullins,18,8,18,0
Dr. Cameron John,18,11,17,1
Stephanie Poole,18,8,17,1
Michelle Smith,18,10,18,0
Heidi Bailey,18,3,18,0
Dennis Steelman,18,8,18,0
Dr. Bobbie Warren,18,13,18,0
Malaysha Castillo,18,8,18,0
Deborah Pogel,18,13,18,0
Elizabeth (Libby) Diamond,18,10,18,0
Dr. Ryan  Robichaud-Fuentes,18,9,18,0
Tim Leslie,18,10,18,0
IVANILDA SILVA,18,10,18,0
Dr. Lisa Baker,18,14,18,0
Alyssa Kahhan,18,5,18,0
Roberta (Berty) Dezzani,18,17,18,0
Kristine Edwards,18,14,18,0
Sarah Thomas,18,9,18,0
Heather Jameson,18,14,18,0
Marcy Hamilton,18,8,18,0
Thérèse  Fletcher,18,11,17,1
Lisa Huitt,18,14,17,1
James Hunter,18,21,18,0
Dr. Robert Nelson,18,20,17,1
Stephanie Gooding,18,3,17,1
Betty Hanna,18,3,18,0
"Victoria Prisco,  PLC",18,13,18,0
Sarah Tso,18,7,17,1
La’Trell Williams,18,5,18,0
Anique Gonzalez,18,3,17,1
Kelly Nelson,18,8,18,0
Laura Powers,18,3,17,1
Andrea Bednarz,18,15,18,0
Sherry Lewis,18,14,18,0
Joe Gasperini,18,6,17,1
Teri Nielsen,18,30,18,0
Heather Mangold,18,9,18,0
Dr. Patricia Bell,18,15,18,0
Josh Reed,18,7,18,0
Dr. Lindi Herrin,18,9,17,1
Dr. Derrick Hassert,18,9,16,2
Erin McClure,18,9,17,1
Melissa Balent,18,8,18,0
Nicole Adams,18,12,18,0
Jenna Bolton,18,11,18,0
Wendy Gaunt,18,5,18,0
Marima Hernandez,18,3,17,1
Reginald Burgess,18,20,18,0
Audra Tolbert-Martin,18,7,18,0
Baruch Zeichner,18,40,18,0
Aaron George,18,10,18,0
Jenna Lapointe,18,9,18,0
Dr. Malissa Collins,18,3,18,0
Roberta Hinman,18,17,18,0
Elizabeth Gibson,18,13,17,1
Jyl Adams,18,11,18,0
Ryan Suhr,18,10,18,0
Diana Schaffer,18,23,18,0
Linda Towry,18,34,17,1
Cyndi Gamble,18,15,18,0
Andrew Carroll,18,4,18,0
Tracy Bovino,18,8,18,0
Kendyl Tinsley,18,5,18,0
Quinn Berry,18,9,17,1
Robin  Hornstra,18,30,16,2
Leslie Powers,18,29,17,1
Jennifer Dressler,17,10,17,0
Kathryn Falbo-Woodson,17,7,17,0
Michele Roeder,17,23,16,1
Donna Page,17,27,17,0
Rachel Berger,17,5,17,0
Melody Mortenson,17,12,17,0
Dr. Pamela Morris,17,25,17,0
Melissa Strauss,17,8,17,0
Jovica Grey,17,5,17,0
Yasmin Mendoza,17,22,17,0
Lisa Wyatt,17,15,17,0
Ryan Bullard,17,5,17,0
Venecia Ebneof,17,3,17,0
Yanina Lambert,17,10,17,0
Kelly  Brown,17,4,17,0
Shauna Pichette,17,6,17,0
Andrea Joyce,17,16,17,0
Minerva King,17,14,17,0
Cynthia Swan,17,10,17,0
Daeton DeGrant,17,7,17,0
Dr. Kelly Baez,17,5,17,0
Christine Toler,17,10,17,0
Janice Schreier,17,10,16,1
Kristin Harper,17,7,16,1
Amy Green,17,15,17,0
MaryAnn OMalloy,17,30,16,1
Dr. Tina Marie  Glover,17,22,16,1
Carlos Velazquez III,17,12,17,0
Krissa Moore,17,3,17,0
Melissa Fannin,17,8,17,0
Samelhia Thompson,17,8,15,2
Dr. Nena Kircher,17,14,16,1
Laura Angers,17,9,17,0
Nyakya  Brown,17,6,17,0
Luella LaRoche,17,7,17,0
Regina Spencer,17,4,17,0
Skye Norton,17,15,17,0
Jacquelyn Golden Lane,17,30,17,0
Holly Jones,17,7,17,0
Dr. Caleb Reese,17,3,17,0
Anna Heaps,17,17,17,0
Sherry  Haynes,17,7,17,0
Heather Koledo,17,22,17,0
Nina Dhaliwal,17,10,16,1
Jean Kimbrel,17,6,17,0
Christie Phillips,17,11,17,0
Alayna  Bryant,17,10,16,1
Malia Nompone,17,15,17,0
Shayla Washington,17,5,17,0
Jeneva Carron,17,10,17,0
Michelle Williams,17,4,17,0
Melinda  Noel,17,10,17,0
Robert Schlesinger,17,11,17,0
Nicole Kleiman,17,20,16,1
Jeffrey Owen,17,43,17,0
Dr. Elise Von Tersch,17,10,16,1
Keith Poche,17,3,16,1
Natalie McBroom,17,15,17,0
Rebecca Klein,17,25,17,0
Rolita Wielkie,17,20,17,0
Bret Smith,17,31,16,1
Cynthia Peters,17,12,16,1
Rachel Bibee,17,7,17,0
Hope Merrill,17,6,17,0
Anita Smith,17,47,17,0
Kandace Graves,17,3,17,0
Melissa  Slusher,17,11,17,0
Carrie Glebe,17,25,17,0
Ann Enriquez,17,10,17,0
Hope Torres,17,3,17,0
Judith Peterson,17,20,17,0
Jacqueline Verdura,17,9,17,0
Joiet Wesley,17,5,17,0
Allyson Puzzo,17,8,17,0
Rita Kanareff,17,18,17,0
Dr. Thomas Ritter,17,21,16,1
Linda Paige,17,22,17,0
Ty Thornton,17,17,17,0
Rosalyn Dunn,17,14,17,0
Michael  Graham,17,6,17,0
Cheryl Williams,17,3,17,0
Shiann Metheny,17,18,17,0
Alie Griffin,17,13,17,0
Osanne Williams,17,7,17,0
David Galarza,17,14,17,0
Adara Anderson,17,6,17,0
Josua Rine,17,3,17,0
Lauren Oates,17,4,17,0
Lori Georgiou,17,5,17,0
Christy Damrath,17,5,17,0
Rita Conrad,17,14,16,1
Dr. Bonita Jackson-Vergara,17,20,17,0
Dr. Domingo  Luiggi,17,45,17,0
Johnathan Lein,17,30,16,1
Logan Sage Croft,17,6,17,0
Glen Briggs,17,35,17,0
Ronda McLaughlin,17,7,17,0
Leslie Sigala,17,10,17,0
Deborah  Lee,17,23,16,1
Simone Phillips,17,6,17,0
Bobbi Conner,17,17,17,0
Dr. Elizabeth Wood,17,20,17,0
Dr. Laklieshia Izzard,17,13,17,0
Joan Cutler,17,5,17,0
Barbara Baryo,17,5,16,1
Edie Gardner,17,3,16,1
Jonathan Tucker,17,14,17,0
Lisa Cooper,17,6,17,0
Stephanie Coons,17,15,17,0
Debra Hutz,17,5,17,0
Teralyn Hobbs,17,5,17,0
Leah Alviar,17,22,16,1
Dr. Marni Seyyid,17,3,17,0
Chrystal Liebold,17,10,17,0
Dr. Barbara Barzilai,17,3,17,0
Jamie Sullivan,17,10,17,0
Natalie Nelson,17,7,17,0
Rhonda Herum,17,20,16,1
Celeste Campos,17,3,17,0
Bettye Sanford-Joseph,17,10,17,0
Jennifer Rastetter,17,4,17,0
Jeannie Hughes,17,7,17,0
Dr. Anslie Stark,17,25,17,0
Berklee Leary,17,7,16,1
Laticia Bickham,17,18,17,0
Sandra Johnson,17,22,17,0
Kelli O'Neill,17,6,17,0
Yolanda LPC,17,18,16,1
Christopher Hunt,17,11,17,0
Curtrice Scott,17,14,17,0
Michele Turner,17,15,17,0
Yolanda Carter,17,10,16,1
Mary Geiger,17,14,15,2
Haley Reed,17,7,17,0
Anne Boutin-Gammon,17,15,17,0
Rachel Marmor,17,10,17,0
Christine Lord,17,10,17,0
Penney O'Donnell Lyons,17,8,17,0
Casey Sbat,17,5,16,1
Erica  Hoskins,17,10,17,0
Stacie Brethauer,17,10,17,0
Anna Lauer Roy,17,9,15,2
Marcia LeBeau,17,7,17,0
Cindy Olsen,17,24,17,0
Casey Cassetty,17,5,17,0
Jodee Lucero,17,18,17,0
Sharon Calhoun,17,25,17,0
Dr. Rita Martin,17,8,17,0
Jason Byram,17,7,17,0
Judi Fischer,17,20,17,0
Evelyn Herman,17,32,16,1
Kandyce Garth,17,7,17,0
Dr. SUSAN BYERS,17,17,17,0
Rhonda Cox,17,19,17,0
Lauren Stanley,17,3,17,0
Dr. Margaret Robertson,16,13,15,1
Janae Peterson,16,5,16,0
Mark Zauss,16,12,16,0
Ivan Resto,16,15,16,0
Kana Crumby,16,17,15,1
Amaranta Penate-Marty,16,8,16,0
Melissa Rini,16,22,16,0
Dr. Nicole Crawford,16,5,16,0
Tyela Tyler,16,6,16,0
Breanna Savage,16,12,16,0
Charlotte Whipkey,16,3,15,1
Paul Courtland Soper,16,10,16,0
Joyce Wallace,16,7,15,1
Aliah Dolan,16,10,16,0
Latisha McCoy,16,10,16,0
Linda Moore,16,20,16,0
Angie Sheire,16,25,16,0
Regina Ambs,16,10,15,1
Mark Anderson,16,40,16,0
Elizabeth Ozalas,16,18,15,1
Denise Gaymon,16,7,16,0
Constance  Moore,16,29,16,0
Denotra Winston,16,3,16,0
Chelsea Cooper,16,3,16,0
Holly Maxon,16,10,14,2
Symatri Miller,16,3,15,1
Dr. Holly DeGrand,16,14,16,0
Gwen Lamothe,16,9,16,0
Stacey Cohen,16,16,16,0
Aaron Landry,16,16,16,0
Dr. Karen  Peters,16,18,16,0
Daniela Marin,16,3,16,0
Michael Arnold,16,20,16,0
Rodney Collins,16,15,14,2
Amanda Wells,16,5,15,1
Dr. Yun Wang,16,6,16,0
Dr. Ricky Walter,16,4,16,0
Jhaismen Collins,16,10,16,0
Theresa Armandi,16,25,16,0
Clara Angulo,16,4,15,1
Lisa Daughters,16,9,16,0
Amelia Cervantes,16,13,16,0
Sarah Paulick,16,8,16,0
Julia Davis,16,15,16,0
Corelle Davis,16,5,16,0
Dr. Laurel Wiig,16,18,16,0
Lourna Charles,16,11,16,0
Ruth  Hagemann,16,18,16,0
Floret Miller,16,5,16,0
Leslie Campbell,16,25,16,0
Michelle Kos,16,15,16,0
Dr. Mikal Rasheed,16,49,16,0
Justine Moore,16,8,16,0
Patti Kousoulis,16,8,16,0
Charlie Cummins,16,28,16,0
Rick Rodgers,16,10,14,2
Jeff Cutler,16,15,16,0
Aria Michaels Paradise,16,16,16,0
Kristin Meadows,16,7,16,0
Rick Zapf,16,20,15,1
Samantha Silverberg,16,6,16,0
Amanda McLean,16,9,16,0
Mary Demick,16,8,16,0
Valeria Clarke,16,11,16,0
Amy Manko,16,17,16,0
Linda Mappin,16,25,16,0
James McCann,16,6,16,0
Suze Maze,16,23,15,1
Tabatha Torres,16,3,16,0
Kasey  Shaw,16,4,16,0
Colleen Muchowski,16,11,16,0
Tiffany Morocco,16,8,16,0
DJ Jones,16,15,16,0
Laurie Pittman,16,10,16,0
Laura Stevens,16,5,16,0
Laurie Nelson,16,10,16,0
Soroya Pognon,16,3,16,0
Galina Zlotnikova,16,6,16,0
Ashley Jones,16,7,16,0
Dr. Daniel J. Van Ingen,16,22,16,0
Diana Ryan,16,9,16,0
Rosa Gomez Duque,16,6,16,0
Valerie Horton,16,15,16,0
Savannah Harness,16,5,16,0
Caitlin Joyce,16,15,13,3
Gordon Baxter,16,7,16,0
Lisa Fadorsen,16,25,16,0
Marylise Zwarts,16,16,16,0
Sirena Blaesser,16,36,15,1
Susan Phillips,16,20,16,0
"Dr. Alfred White, Jr.",16,26,16,0
William Erwin,16,20,16,0
Kelly Chapman,16,10,16,0
Rebecca Hegwood,16,5,16,0
Carolina  Leon,16,8,15,1
Sandee Nebel,16,16,16,0
Cecilia Garcia,16,7,16,0
Luis Otero deSantiago,16,3,16,0
Erin Sperico,16,10,16,0
Maryssa St Fort,16,6,16,0
Tanya Edwards,16,12,16,0
Dr. Zvonka Jakopovic,16,3,16,0
Dr. Kris Foote,16,25,12,4
Rachel  Ford,16,13,16,0
Peju Okubanjo,16,6,16,0
Sasha Navas,16,10,16,0
Kayla Harvey,16,9,16,0
Connie Perkins,16,30,16,0
Joelle Muganga,16,11,16,0
Sheena Munsch,16,14,16,0
Liz Hinchliffe,16,14,16,0
Dr. Mahlon Roun,16,5,16,0
"Percival Fisher, Jr.",16,11,16,0
AnnaMarie UriosteSmith,16,3,15,1
Sharla Harrison,16,22,15,1
Rachel Harris,16,11,16,0
Jennifer Baumgardner,16,14,16,0
Taylor Barnett,16,3,15,1
Carlos Cavazos,16,4,16,0
Mari Flatt,16,7,16,0
Frances Berniger,16,13,16,0
Dr. Trygve Trosper,16,20,15,1
Erin Gould,16,14,16,0
Stefanie Johnson,16,10,16,0
Lynn Johnson,16,14,16,0
Lisheyna Hurvitz,16,34,16,0
Deborah Russo,16,6,15,1
Joy Moseri,16,10,16,0
Michele Hochberg,16,15,16,0
Michelle Story,16,10,16,0
Betsy Narveson,16,5,16,0
Kelli Washington,16,4,16,0
Cala High,16,4,16,0
Deborah Trent,16,20,16,0
Dr. Martha Groble,16,25,16,0
Sheree Earle,16,32,16,0
Roc Kauffman,16,19,16,0
SHARON ZIGMAN,16,22,16,0
Ryan Sargent,16,3,16,0
Samantha Prague,16,6,16,0
Judith Durdan,16,19,16,0
Juan Carlos  Navarro,16,3,16,0
Jennifer Baird,16,5,15,1
Lori Smith,16,6,16,0
Joshua Wininger,16,3,16,0
Dr. Sarah Walker,16,11,14,2
Walterson Torchon,16,5,15,1
Froogh Khatibloo,16,20,15,1
Aly Dearborn,16,15,15,1
Pamela Lane,16,23,16,0
Thomas Geressy,16,10,16,0
Jennifer Packer,16,5,16,0
Dr. Janet Morgan,16,26,15,1
Dr. Gale Kelley,16,16,16,0
Wendy Henner,16,25,16,0
Lissette Soto,16,7,15,1
Alyssa Eisman,16,9,16,0
Lisa Bond,15,12,15,0
Prudence Hatchett,15,15,15,0
Bonita Hutchinson,15,12,15,0
Aracely Rodriguez,15,8,15,0
Liz Hatlestad,15,6,15,0
Sara Fulton,15,3,15,0
Ruby Coopersmith,15,6,15,0
Lisa Herman,15,19,15,0
Dorothy Shellman,15,15,15,0
Jessica McBride,15,10,15,0
Nichole Garcia,15,9,14,1
Shirley Gedney-Rubel,15,6,12,3
James Cordiano,15,6,15,0
Lindsey Trujillo,15,3,15,0
DeJonae  Gardiner,15,3,15,0
Catherine Thompson,15,8,15,0
Emily Baumgart,15,9,15,0
Carmen Garrison,15,8,15,0
Danielle Akinsade,15,13,15,0
Karen Lindsay,15,7,15,0
Ilene Liner,15,3,14,1
Mary Miller,15,16,15,0
Mary Coriano,15,39,15,0
Flor Martinez,15,9,15,0
Michelle Walsh,15,11,15,0
Jennifer Marsh,15,14,15,0
TJ McDowell,15,5,15,0
Erica  Gerring,15,15,15,0
Amanda Garcia,15,5,15,0
Lauren McCoy,15,7,15,0
Dr. Darlene Anderson,15,20,15,0
Sherri Collins,15,4,15,0
Ashley Benakis,15,4,15,0
Kellie Harrison,15,8,15,0
Susan Hundley,15,7,15,0
Lorraine Hellman-Robertson,15,4,15,0
Roselle O'Brien,15,12,15,0
Rochelle Rheingans,15,9,15,0
Marissa Blythe,15,5,15,0
Rebecca Pepp,15,7,14,1
Raven O'Rourke,15,8,15,0
Dr. Pamela Murphy,15,9,15,0
Katie Stevens,15,9,15,0
Emma Peters,15,4,15,0
Andrea Coulter,15,12,15,0
Tara Parisi,15,20,15,0
"Cristina Lopez-Scalzo, LMHC, MS",15,15,15,0
Dr. Timothy (Tim) Norris,15,5,15,0
Shane Wade,15,4,14,1
Rene Stockton,15,30,15,0
Linda O'Malley,15,11,15,0
Erin Hayden,15,8,15,0
Anthony Penn,15,10,14,1
Jack Richey,15,20,14,1
Jessica Nye,15,5,14,1
Brenda Sanders,15,6,15,0
Faith Payne,15,3,15,0
Kristy Mathews,15,3,15,0
Dr. Arthur Corrieri,15,21,14,1
Leah Allen,15,6,15,0
Dr. Debbie Hood,15,10,14,1
Jenna Wonish-Mottin,15,6,15,0
Lisa Carnicelli,15,15,15,0
Brandy Walker,15,9,15,0
Josh Sheets,15,9,15,0
Dr. Rachel Kinison,15,14,15,0
Gay Hunter,15,27,15,0
Marco Hernandez,15,13,14,1
Joe Wagner,15,15,15,0
Cynthia Marcolina,15,25,15,0
Brittany Vaughn,15,6,14,1
James Malone,15,8,15,0
Terence Hunt,15,22,15,0
Bren Boseman,15,13,15,0
Karla White,15,13,15,0
Glenn House,15,8,15,0
Juan Camps,15,3,15,0
Dana Malone-White,15,11,15,0
Maria Concepcion,15,3,15,0
Franca Gaudio,15,7,15,0
Doreen Cook,15,6,15,0
Renee Gaubert,15,12,15,0
Naquasha Riser,15,6,15,0
Jane Robbins,15,25,15,0
Rima Tejwani,15,5,15,0
Kacey Ardoin,15,6,15,0
Charles  Tyson,15,6,15,0
Christina McLemore,15,9,14,1
Francesca Smith,15,18,15,0
Mary Jo Greenwood,15,18,15,0
Daniel Edwards,15,10,15,0
Mary Smith,15,41,15,0
Dana Krumholz,15,10,15,0
Larissa Rzemienski,15,20,15,0
Anne Dewberry,15,7,14,1
Ryan McMillian,15,11,14,1
Jasmine Mcleod,15,11,14,1
Jennifer Wickham,15,22,14,1
Robert Baker,15,25,14,1
Jamie Burke,15,8,15,0
Cassandra Moore,15,4,15,0
Edilberto (Bert) Bibat,15,25,15,0
Nichelle Ward,15,3,15,0
Corazon Burke,15,11,15,0
Deborah Slavik,15,25,15,0
Adrien Steele,15,10,15,0
Monique Randle,15,12,15,0
Kristin Thompson,15,3,14,1
Barbara Grant-Kelly,15,20,15,0
Dr. Glenda Vélez,15,17,14,1
Dr. Melissa Arnott,15,18,15,0
Valerie Handlers,15,30,15,0
Christopher Baird,15,10,14,1
Jill Koehn,15,30,15,0
Steve Van Schaick,15,8,15,0
Kristina Durene,15,7,15,0
Lindsey Parks,15,10,15,0
Joleen Haase,15,8,14,1
Rebecca Wilson,15,12,15,0
Anna Dotey,15,20,15,0
Danielle Doskocil,15,20,15,0
Mary Bulla,15,3,15,0
Michelle Loper,15,26,15,0
Lori Centineo,15,5,15,0
Bernice Young,15,26,15,0
Carol Waldenburg,15,27,15,0
Heidi Gruss,15,16,15,0
Dr. Colleen Casady,15,20,15,0
Lauren Abasheva,15,5,14,1
Raquel Menocal,15,3,15,0
Daniel Villarreal,15,3,15,0
Amy Morantes,15,3,15,0
John Moore,15,36,15,0
Jarad Ringer,15,21,14,1
Courtney Groce,15,3,15,0
Deborah Keklak,15,22,15,0
Jennifer Terry,15,4,15,0
Sunny Philip,15,8,14,1
Michelle Castellani,15,12,15,0
Ashley  Bing,15,10,15,0
Sandra DeCarolis,15,7,14,1
Estela Rodriguez Jebril,15,15,15,0
Christina  Laydon,15,18,15,0
Julie Jakobi,15,3,15,0
Erica James,15,4,15,0
Izabela Weber,15,11,15,0
Dr. Charmaine Jake-Matthews,15,15,14,1
Rosemary Carroll,15,12,15,0
Surnedra (Nedra) Simmons,15,3,15,0
Jacqueline Rafter,15,5,13,2
Courtney Burrus,15,8,15,0
Christine  Simon,15,19,14,1
Alison Johnson,15,12,15,0
Shameika Monroe-Bostic,15,12,15,0
MAIDA FERRAES,15,3,15,0
Cardelia Robinson,15,5,15,0
Yvette Barnes,15,13,15,0
Walanda Johnson,15,10,14,1
Dr. Jo Ann Lee,15,25,15,0
Cary Acosta,15,16,15,0
Jesse Daso,15,5,15,0
Dr. Margaret Reeves,15,38,15,0
Kristen Barrett,15,5,15,0
Angela Dailey,15,30,15,0
Bridget Flynn,15,21,15,0
Miriam Jean-Leon,15,11,15,0
Judy McLaughlin,15,24,15,0
Yoon Hee Thomas,15,10,14,1
Thais Harris,15,8,14,1
Amanda Wilson,15,11,15,0
Erin Foley,15,10,15,0
Elizabeth Arboleda,15,11,15,0
Brandon Jones,15,10,15,0
Jenifer Shott,15,4,15,0
Jaclyn Jorgensen,15,14,15,0
Irma Mireles,15,3,14,1
Karen Mueller,15,19,15,0
Kris Fant,15,8,15,0
Beverly Gostomski,15,20,15,0
Dr. Ariana Rebesco,15,10,15,0
Elizabeth Cupo,15,20,15,0
Meredith Roudebush-Albaugh,14,13,14,0
Mary Teal,14,7,13,1
Kristine Savoury,14,10,14,0
Carol Thoma-Perry,14,20,14,0
Beverly  Chevalier,14,11,14,0
Danielle Ciraulo,14,19,14,0
Dr. Maureen Christensen,14,30,14,0
Kathy Cherney,14,20,14,0
Misty Taylor,14,12,13,1
Danielle Heist,14,16,13,1
Andrea Graziano,14,12,14,0
Linda Meadows,14,10,14,0
Betsy Petersen,14,5,14,0
Mara Chiles,14,22,14,0
Sarah Henry,14,3,14,0
Dr. Mandi   Grewal,14,5,14,0
Ray Castiglia,14,18,14,0
Madison  Marcotte,14,3,14,0
Kate Schneider,14,3,13,1
Amber Harless,14,20,14,0
Cait Glenn,14,7,14,0
Shahzad Chaudhry,14,5,13,1
Moriah McCarthy,14,6,14,0
Brooke Harris,14,10,14,0
Dr. Kiran Syed,14,10,14,0
Dr. Abrina Schnurman,14,10,14,0
Leah Gillam,14,10,14,0
Sergio Hayes,14,8,14,0
Dr. Courtney Graves,14,20,14,0
Melissa Glasgow,14,6,14,0
Sabrina Hanson,14,3,14,0
Kerri Taylor,14,3,14,0
Nicole  Rivera-Brastad,14,10,13,1
Denise Thornton,14,4,14,0
Dana  Hall,14,15,14,0
Catherine Colardo,14,13,14,0
Tanya Goodman,14,10,14,0
Phyllis Nehra,14,3,14,0
Victor Grimes,14,20,14,0
Elaine Godoy,14,8,14,0
James Greenwald,14,6,14,0
Pamela McGarry,14,25,14,0
Jennifer Pernsteiner,14,4,14,0
Dr. Madeline Tormoen,14,25,14,0
Karyn Kiedrowski,14,3,13,1
Michelle Sucaldito,14,6,14,0
Jeanne Scala Bauer,14,28,13,1
Kelly Kampf,14,12,14,0
Aaron  Evans-Jackson,14,10,14,0
Heather Watson,14,17,14,0
Mycca Montoya,14,3,14,0
Lori Passmore,14,20,14,0
April Justice,14,20,14,0
Isiah Lacefield,14,10,13,1
Madeline Vanek,14,8,14,0
Joni Dees,14,23,14,0
Libba Skarnulis,14,12,14,0
Kari Morales,14,16,14,0
Dr. Robin Sjostrand,14,9,14,0
Paul Dearman,14,8,14,0
Jessica Ortiz,14,12,14,0
Shefali Mittal,14,5,14,0
Katie Jones,14,12,14,0
Jose Fernandez,14,22,14,0
Magalis Sandoval,14,8,14,0
Erika Weber,14,14,14,0
Bayley Johnson,14,5,14,0
Jocelyn Johnson,14,5,14,0
Brandi Johnson,14,8,14,0
Denise Flack,14,7,14,0
Dr. Tina Fleming,14,18,14,0
Dr. Carol Parham,14,10,14,0
Steven Lepley,14,14,14,0
Lashonda Lafayette,14,9,14,0
Jerry Kuhn,14,8,14,0
Robert Hinman,14,40,14,0
Chalice Kopacki,14,11,13,1
Angeline  Walker,14,20,14,0
Lisa Page,14,4,14,0
Cheryl Pacione,14,25,13,1
Dr. Janique Walker,14,12,14,0
Taylor Draughn,14,7,14,0
Laura Drucker,14,30,14,0
Theresa Kloh,14,4,14,0
Donna Dunn,14,20,14,0
Julie Dorneman,14,7,14,0
Angie Dunston,14,7,14,0
Lisa Stilwell,14,11,13,1
Sondra Kern,14,5,14,0
Malachi Walton,14,23,14,0
Daniel Kane,14,25,14,0
Linda Owen,14,3,14,0
Shawn Eaton,14,4,14,0
Mary Lynn Smith,14,10,13,1
Mandy Snider,14,5,13,1
Karen Ward,14,14,14,0
Lauren Dicair,14,10,14,0
Vanessa Kline,14,6,14,0
Mitchica Smith,14,17,13,1
Tyeast Edmond,14,3,14,0
Christina Topinka,14,15,13,1
Roxana Rodriguez,14,4,13,1
Mary Edwards,14,14,14,0
Katy Leech,14,5,14,0
Patricia Mohn,14,3,14,0
Donna  Shoop,14,14,14,0
Amy Seiders,14,18,14,0
Freddy Honeycutt,14,12,14,0
Susan O'Connell,14,35,11,3
Dr. Ronald Holder,14,10,14,0
Robert Holliday,14,20,14,0
Susan  Shafer,14,12,14,0
Betty Lustig,14,10,13,1
Dr. Rebecca Cowan,14,7,14,0
Jennifer Covington,14,9,13,1
Sharon Koltis,14,15,14,0
Paula Corano,14,11,14,0
Margaret Hodgson,14,28,14,0
Lynette Maggs,14,3,13,1
Heather Magone,14,10,14,0
Lowell Lewis,14,20,14,0
Dr. John Cooley,14,25,13,1
Trina Middleton,14,30,14,0
Corrine Miller,14,5,14,0
Jonathon Roy,14,3,14,0
Sarah Heyn,14,4,13,1
Trudi  Marsh,14,11,14,0
Angela Marshall,14,19,14,0
Rebecca Navarre,14,12,14,0
Dr. Chandra Colvin,14,25,14,0
Kedra Maree,14,5,14,0
Jill Collins,14,11,13,1
Jessica Hervatin,14,33,14,0
Lannie Cox,14,3,14,0
Angela Towne,14,22,14,0
(Chantelle) Renee Hopkins,14,3,14,0
Tammy Horn,14,23,14,0
Joel Cutter,14,5,14,0
Helen Jackson,14,20,14,0
Edith Lewis-Allen,14,6,13,1
Amanda Ienna,14,10,14,0
David  Patterson,14,32,14,0
Joice Mupandawana,14,8,14,0
Carolyn Hulse,14,10,14,0
Dr. Jill foxman LMHC,14,21,12,2
Genna Lo Presti,14,10,14,0
Susan Lockard,14,12,14,0
Dr. Tammy Freeman,14,20,14,0
Dr. Nikel Rogers-Wood,14,13,14,0
Melissa Fowler,14,7,14,0
Yolanda  Crouch,14,5,14,0
Dr. Paula Lintin,14,20,14,0
Casey French,14,5,14,0
Angelo Maurice Covington,14,3,14,0
Lauryn Hunter,14,11,12,2
Bryant Howard,14,6,13,1
Patricia Searels,14,28,14,0
Katie  White,14,7,14,0
Rika Lopez,14,10,14,0
Lindsey Stockton,14,8,14,0
April Stone,14,6,13,1
Danielle Coy,14,6,12,2
Julie Kellogg,14,16,14,0
Stephanie Gurewitz,14,10,14,0
Dr. John Bearoff,14,35,14,0
Christine Reid,14,24,14,0
Shelley Brannon,14,8,14,0
Gerald Winter,14,33,14,0
Heather Brooks,14,11,14,0
Celeste Bozeman,14,14,14,0
Vanessa Black,14,7,13,1
Stacy Bernstein,14,3,14,0
Markyse Bernadin,14,3,14,0
Carol Bennett,14,25,14,0
Stephanie Altomonte,14,11,14,0
Alexandria Jones,14,6,13,1
Dr. Larry Carter II,14,8,14,0
Kay Adkins,14,6,14,0
Samara Basilone,14,13,14,0
Larry Bell Jr,14,13,14,0
Alicia Graham,14,3,13,1
Amie Bishop,14,12,14,0
Grace  Abraham Lewis,14,6,14,0
James  Phillips,14,20,14,0
Allison Burnam,14,6,14,0
Kelly Bellis,14,15,14,0
"Dr. K. Joseph ""Joe"" Wittemann",14,40,14,0
Jennifer Bussell,14,7,14,0
Richard Boldridge,14,14,13,1
Patricia Carrington,14,6,14,0
Carvan Carter,14,15,14,0
Nicole Reitsma,14,3,14,0
Megan  Rafferty,14,30,14,0
Mary Cahilly,14,21,14,0
Ann - Marie Caddle-Logan,14,10,13,1
Judy Bou Kheir,14,5,14,0
Kyle Calhoun,14,7,14,0
Heather Brown,14,15,12,2
Angela Alderman,14,6,14,0
Nichole Cavallaro,14,11,14,0
Lara Ashbaugh,14,10,13,1
Mealika Brown,14,3,14,0
Amy Brant,14,21,14,0
Christine Nucci,14,5,14,0
Samantha Petroshius-Crocker,14,6,14,0
Candida Wiltshire,14,6,14,0
Mari  Carter,14,3,13,1
Oreoluwa Lipede,14,7,14,0
Racheal Adelekan,14,6,13,1
Cindy Reynolds,14,14,14,0
Elizabeth  Cali,14,10,14,0
Amy  Adams,14,10,14,0
Joy Berkheimer,14,5,14,0
Jane Addis Docken,14,25,14,0
Stella Breytman,14,5,14,0
Sarah Galloway,14,15,14,0
Stephanie Ellis,13,9,13,0
Bailey Dougherty,13,3,13,0
LaMar Walker,13,16,13,0
Mary Donahue,13,20,13,0
Vanessa Blanchette,13,10,13,0
Chloe Levinson,13,5,13,0
Johne Mitchell,13,11,13,0
Lindsay Metli,13,11,13,0
Kimberleigh Hagar,13,7,13,0
Heather Revill,13,8,13,0
Linda Schmidt Goss,13,20,13,0
Mark Yeung,13,12,13,0
Dr. Sophia Mohammed,13,10,13,0
Judith Andrews,13,17,13,0
Rhonda Palmer,13,3,13,0
Lowell Wallace,13,7,13,0
Stephen Wallace,13,10,13,0
Ronnie Mitchell,13,27,13,0
Rev. Alexander Yoo,13,26,13,0
Kimberly Stratton,13,7,13,0
Donna Peters,13,5,13,0
Ashley Williams,13,6,13,0
Sherell Taylor-Page,13,9,13,0
Rhea Lester,13,12,12,1
Dr. Dinelly Holder,13,15,13,0
Jennifer Williams,13,3,13,0
Jill Early,13,14,13,0
Dr. Bill Walker,13,25,11,2
Lorena Peaslee,13,4,13,0
Michele Kratochvil,13,20,13,0
Colleen Clark,13,20,13,0
Eric Slaughter,13,11,13,0
Tonie Phillips,13,5,13,0
Jayne' Green,13,7,12,1
Amanda Salisbury,13,6,13,0
Marsha Edwards,13,7,12,1
Ann Greco,13,18,13,0
Ebuni McFall-Roberts,13,20,13,0
Seth  Krauss,13,40,13,0
Shamari Grayson,13,5,11,2
Rev. Daniel Held,13,43,12,1
LaKisha Ellison,13,13,13,0
Molly Asbury,13,13,13,0
Lee Wade,13,11,13,0
Andrea Beaudoin,13,4,13,0
Jenae Laws,13,7,13,0
Norma Peck,13,18,13,0
Billie Stockton,13,30,12,1
Maria Eijo,13,23,12,1
Nancy Drose,13,3,11,2
Trishonna Salomon,13,23,13,0
Ashley Codding,13,7,13,0
Dr. Erin Armour,13,9,12,1
Courtney  Grossnickle,13,5,13,0
Pam  Grzech,13,30,13,0
Kelly Broyles,13,3,13,0
Donny  Simpson,13,6,11,2
Meg Gemelli,13,14,13,0
Derek Durst,13,4,13,0
Corey Pitts,13,6,13,0
Dr. Tracy Smith,13,15,13,0
Julia Gunderson,13,10,13,0
Joshua Siskin,13,14,13,0
LaWanda McCants,13,6,13,0
Dr. Pete Cooper,13,23,13,0
Kenneth Kronheim,13,16,11,2
Angela (Angie) Krilich,13,6,12,1
Vicki Wolfe,13,13,12,1
Norma Jean Salinas,13,5,13,0
Dustin Shivar,13,10,13,0
Eileen Carmona,13,9,12,1
Daphne Hamburg,13,5,13,0
Dora Cario,13,3,13,0
Dr. Michelle Harris,13,18,12,1
Patricia Cross,13,3,13,0
Trice (Tresa) Butts,13,9,13,0
Nakia Toomer,13,10,12,1
John (Brittain) West,13,13,13,0
Alesia Wesley,13,3,13,0
Brandi Hampshire,13,13,13,0
Beryl Miller,13,19,13,0
Holly Carletti,13,11,13,0
Dr. Jennifer McGee,13,9,13,0
Shaun Cunningham,13,22,13,0
Kim Saunders,13,15,12,1
Maureen Harris,13,3,13,0
Amie Roberts,13,9,13,0
Kathryn Tromans,13,20,13,0
Melanie Dalton,13,9,13,0
Jennifer  Maddox,13,3,13,0
Ashleigh Beechy,13,15,13,0
Rebecca Mandeville,13,25,13,0
Magan Mangold,13,8,13,0
Maria Mir,13,10,13,0
Adrienne Better,13,6,13,0
Mirta Sandoval,13,13,12,1
Malene White,13,3,12,1
Shelly Cordas,13,10,13,0
Savanna Martin,13,7,13,0
Dr. Katie Cowan,13,13,13,0
Angela Barry,13,8,13,0
Shawn Markey,13,3,13,0
Leonardo Marin,13,5,12,1
ANGELA RAYMOND,13,10,13,0
Christy Paul,13,16,12,1
Dannielle Taylor,13,5,13,0
Tia Manning,13,15,13,0
Alison Mann,13,3,12,1
Linda Cook,13,11,13,0
Dr. Jason Schwenker,13,6,13,0
Katrina Canady,13,12,12,1
Jeanie Witcraft-Shiau,13,12,13,0
Crystal Coutee,13,11,13,0
Sandi Hines,13,15,13,0
Maureen Macias,13,15,13,0
Kathi-Ann Busha,13,3,13,0
Dabney Worth,13,32,13,0
Sherie Dechter,13,3,13,0
Jamika Hobbs,13,8,12,1
Ellen DeFilipps,13,16,13,0
Marisa Logsdon,13,12,13,0
Lee Watters,13,5,12,1
Brian Bilyeu,13,30,12,1
Kathy Coleman,13,12,12,1
Rene Burke,13,6,13,0
Patrick Hoekstra,13,4,13,0
Mark Miller,13,13,13,0
Megan Navratil,13,14,13,0
Tia Jones Medine,13,3,13,0
Amy Schnell,13,7,13,0
Dhara Pandya,13,9,13,0
Barry Wasser,13,5,11,2
Catherine DeMonte,13,25,13,0
Jennifer Limmex,13,5,12,1
Judith Stanton,13,24,13,0
Wendy  Alm,13,10,13,0
Stephanie Deaver,13,10,12,1
Sarah Sandberg,13,8,13,0
Dr. Carrie Longest,13,13,13,0
Fatim Sankare,13,5,13,0
Angela  Welch,13,4,12,1
Rhonda Bernstein,13,28,13,0
Rebecca Matlock,13,4,13,0
Azmeh Amer,13,9,13,0
Nicole Amesbury,13,9,13,0
Gia Lucero Bryan,13,9,13,0
Cynthia Allison,13,10,13,0
Melissa Lowery,13,16,13,0
Dr. Leslie Becton,13,15,13,0
LaTrina Collins,13,8,13,0
Fernanda Webster,13,3,12,1
Dr. Christina Dawn,13,10,13,0
Heidi Taugher,13,10,13,0
Kimberly Lorah,13,25,13,0
Nikki Dear,13,5,13,0
Grace Ancira,13,8,13,0
Janie  Waddell,13,8,13,0
Beverly White,13,9,11,2
DeShona  Charles,13,14,13,0
Kimberly Washington,13,18,13,0
Bobbi Kelsey,13,10,13,0
Donna Kemp,13,9,13,0
Alyssa Gardner,13,5,13,0
Christopher Baumann,13,5,13,0
Joseph Garza,13,6,13,0
Torrie Blackwell,13,4,13,0
Erin Ruell,13,9,13,0
Greta Brooks,13,20,13,0
Perry Hudson,13,5,13,0
Nadine Porter,13,10,13,0
Gala Oliver-Singh,13,17,12,1
Rev. Sharon  Cheek,13,30,13,0
Barnetta Young,13,22,12,1
Lisa Rose,13,25,13,0
Judy Thompson,13,8,12,1
Dr. Jessica Gasser,13,3,13,0
Karen Fincher,13,8,13,0
Dr. Robin Avery,13,18,13,0
Lonetta Mason,13,4,13,0
Melissa  Gomsrud,13,20,13,0
Stephanie  Menta,13,10,13,0
Allyson Barnes,13,5,13,0
Louis Huddleston,13,9,13,0
Anita  Adjetey,13,11,12,1
Karen Terese Kewak,13,10,13,0
Jennifer Morton,13,11,13,0
William Richert,13,14,13,0
Karen Boggs,13,10,13,0
Lisa Gregorius,13,22,13,0
Ellen Hutchinson,13,3,13,0
Tayler Giffen,13,3,13,0
Dr. Carissma  Hughes,13,3,13,0
Ruth Turner,13,3,12,1
PJ Chandler,13,11,12,1
Stephanie Frey,13,5,13,0
Korynne French,13,3,13,0
Carmen Tipton,13,21,12,1
Christine Zwart,13,22,13,0
Shalyn Oberle,13,9,13,0
Gina Found,13,14,13,0
Darius Jones,13,29,12,1
Barbara Fotsch,13,25,13,0
Ashton Fuchs,13,3,13,0
Holly Hemminger,13,3,13,0
Rachelle Bowden,13,4,13,0
Dr. Barbara Brady,13,25,13,0
Jade Sorensen,13,4,13,0
Kelly Swinyard,13,15,13,0
Paula Bairstow,13,22,13,0
Blaire Hysjulien,13,7,13,0
Kelly Banas,13,4,13,0
Shannon Francom,13,11,13,0
Shonda Fulton,13,7,13,0
Kristen Watkins,13,9,13,0
Charles Snider,13,9,13,0
Kimberly Bailey,13,30,13,0
Joanne Jones,13,15,13,0
Amy Abbasov,13,8,13,0
Kristin Bailey,13,6,12,1
Carri Wilson,13,24,13,0
LaShaunn Bold,13,3,12,1
SUSAN SCHANEN,13,25,13,0
Cara Goldstein,13,10,13,0
FreEtta Nelson-Hemphill,13,26,13,0
Ricci Oppenlander,13,4,13,0
Marco Nozicka,13,33,12,1
Dr. Christopher Smith,13,35,13,0
Sarah McArthur,13,5,13,0
Laura Roetgerman,13,15,13,0
Dragana (Dee)  Hrvat,13,14,13,0
William Stevens,13,12,12,1
Robin Rudic,13,34,12,1
Heather Kaminski,13,23,13,0
Michelle Cherry,13,13,13,0
Barbara Havens,13,25,13,0
Randall Kitchen,13,25,12,1
Christina Stakely,13,13,13,0
Danielle Ojeabulu,13,5,13,0
Kendall Hawk,13,18,13,0
Amelia Barton,13,4,13,0
Dr. Monica Jackson,13,5,13,0
Christian Swan,13,4,13,0
Sarah Gold,13,15,13,0
Dr. Jillian Graves,13,21,11,2
F. Darnell Blocker,13,9,13,0
Dr. LaShon Sawyer,13,23,13,0
Kristi  Webber,13,3,13,0
Stef Gore,13,20,13,0
Kathryn Bondura,13,16,13,0
Joseph Mowery,13,4,13,0
Krista Klund,13,18,12,1
Emily McInnis,13,3,13,0
Lisa Robin Sanford,12,4,12,0
Marla Stamm,12,3,12,0
Linda Giles,12,28,12,0
Patricia Hanson,12,9,12,0
Venise Darisme,12,11,12,0
Lynette Davis,12,9,12,0
Dr. Desiree Purcell,12,27,12,0
Alica Zrelec-Kicic,12,15,12,0
Alexandra Gozzola,12,3,12,0
Amanda Swartzlender,12,15,12,0
Hanon Rinke,12,16,12,0
Kari  Higgins,12,3,11,1
Adriana Franco,12,16,11,1
Deana Gozder,12,25,12,0
Karen Perry,12,12,11,1
Carey Luker,12,8,12,0
Melissa Marks,12,15,12,0
Theresa Jones,12,26,11,1
Becky Cornell-Marsich,12,5,12,0
Jennifer Taylor,12,20,12,0
Dani Spolarich,12,14,12,0
Brittany Fruge,12,8,11,1
Alyce Martin,12,17,12,0
Kimberly Foskett,12,23,12,0
Adam Turkel,12,22,12,0
Kathleen Wickman,12,5,12,0
Theresa Presley,12,11,12,0
Kim Barry,12,20,12,0
Dr. Uma Subbiah,12,22,12,0
Stacy Hixon,12,3,12,0
Kristin Hitron,12,5,12,0
Joel De Witt,12,13,12,0
Elizabeth Papa,12,8,12,0
Ritu Anand,12,3,12,0
Tera Robinson,12,8,12,0
Mariah Cordery,12,3,12,0
Regina Shaw,12,6,12,0
Lee  Shadeck,12,8,12,0
Brigette Girardey,12,10,12,0
Doris Bell,12,19,12,0
Brian Sharp,12,8,12,0
Stephanie Speller-Henderson,12,3,11,1
Arlicia Hall,12,3,12,0
Melissa Galica,12,5,12,0
Jill Lynch,12,3,12,0
Dr. Crystal Russell,12,20,12,0
Cheri Zettle,12,20,12,0
Debra Bichachi,12,8,12,0
Dr. Paul White,12,6,11,1
Matthew Manz,12,3,12,0
Courtney Gongwer,12,11,12,0
Amy Beene,12,9,12,0
Shanel Manning,12,7,12,0
Rebecca Cusack,12,9,12,0
Carilyn Rego,12,14,12,0
Donna Cummings,12,5,12,0
Charlene Selsvold,12,35,12,0
Lisa  Pratt,12,4,12,0
Dr. Carmen Majied,12,17,12,0
Theresa Parsons,12,10,12,0
Sam Jenkins,12,25,11,1
Marla Johnson,12,25,12,0
Natalie Bouffard-Lewis,12,8,11,1
Gary Gilles,12,3,12,0
Nicole Jasmine Johnson,12,15,12,0
Frederick Westby,12,10,12,0
Hannah Purdy,12,7,12,0
Tim Crosby,12,10,11,1
Ashley Simmons,12,8,12,0
Maria Sandi,12,3,12,0
Stephanie  Jean,12,3,12,0
CHINWE NZERUE-OBI,12,4,11,1
Jennifer Boyea,12,16,12,0
Chad Taylor,12,3,11,1
Sharlene Daniels-Bullock,12,15,12,0
Shea Daniels,12,5,12,0
Dr. Marcia Garceau,12,13,12,0
Jill Sexton,12,18,10,2
William  (Russell) Glass,12,20,12,0
Donna Curran,12,30,12,0
Rick Jackson,12,8,12,0
Ayanna Jarrett,12,10,12,0
Erica Bankston,12,19,12,0
Celia Garcia,12,4,12,0
Catherine Woods,12,30,12,0
Jesus Jasso,12,3,11,1
Donna Hardee,12,10,12,0
Jarrod Call,12,4,12,0
Anna Shaffner,12,5,12,0
Tara Moser,12,18,12,0
Frederica Banning,12,25,12,0
Dr. Richard Cox,12,20,12,0
Lori St Ama,12,26,12,0
Marie-Pierre Sernatinger,12,15,12,0
Jennifer Evans,12,14,12,0
VaKendall Long,12,6,12,0
Alia  Grant,12,3,12,0
Catherine  Eccles,12,13,12,0
Lauren Pointer,12,4,11,1
Dr. Reka Farago,12,20,12,0
Julie Featherman,12,3,12,0
Crystal  Hackett,12,14,12,0
Rachelle Roberts,12,10,12,0
Blythe Landry,12,18,12,0
Rachel McClain,12,5,12,0
Tilisha Von Boeselager,12,10,12,0
George Dymiotis,12,15,12,0
Susan Murphy,12,26,12,0
Kristina Browner,12,4,12,0
Julie Este-McDonald,12,3,12,0
Lynnette Montañez,12,4,11,1
Melakee  Nicholson,12,3,12,0
Sherida Newmister,12,20,12,0
Arielle Simpson,12,6,12,0
Angela Ruark,12,6,12,0
Nicole Filian,12,5,12,0
Amy  Dummer,12,3,12,0
Allison Filosofos,12,5,12,0
Kristina Guarino,12,10,12,0
Teri Simmons,12,12,12,0
Dr. Melissa Drinkman,12,10,12,0
Allycia Varr,12,12,12,0
Tiffany Guthrie,12,15,12,0
Dr. Sharon Bland Brady,12,25,12,0
Melissa Brisbane,12,16,12,0
Dr. Latrice Drain,12,8,12,0
ASHLEY KESRAOUI,12,7,12,0
Janel Falvey,12,12,12,0
Dr. Marie Smith,12,25,12,0
Andrea Austin,12,8,12,0
Dr. Antionette Edmonds,12,6,12,0
Judith Ashby,12,20,11,1
Nathan Kortu,12,6,12,0
Jennifer Smith,12,7,12,0
Emily Vierra,12,13,11,1
Dr. Denise Rodriguez,12,15,12,0
Ann Voorhees,12,35,12,0
Tonya Osmond,12,25,12,0
Pamela  Kulisek,12,5,12,0
Kimberly Kowalik,12,7,12,0
Debbie Vessels,12,19,11,1
Christina Radice,12,5,12,0
Meredith Ervin,12,3,12,0
Dr. Christina Rudawski,12,10,12,0
Jeffrey Smialek,12,15,12,0
Loretta Brown,12,25,12,0
David Pryor,12,25,11,1
Amanda  Thomas,12,3,11,1
Julie Elliott,12,30,12,0
Tillary Tice,12,3,12,0
Cortney Edwards,12,5,12,0
Constance Moody,12,20,12,0
Sharisse Edwards,12,15,12,0
Dr. Paulette Edwards,12,3,12,0
Alaine Lagasse,12,3,12,0
Victoria Baca,12,3,11,1
Karie Bliss,12,15,12,0
Jessica Van Overloop,12,6,12,0
Deeanna Farrington,12,20,12,0
Joseph LaBeau,12,18,12,0
Lissette Ayala,12,10,12,0
Colleen Downes,12,30,12,0
Terrie Deere,12,20,12,0
Kimberly Depatie,12,23,12,0
Denise Buckingham,12,4,11,1
Kara Denahan,12,22,12,0
Matthew Tutterow,12,3,12,0
Sarah Rossmiller,12,7,12,0
Steve Lindeman,12,16,12,0
Melody Anderson,12,8,12,0
Angelina DeSantis,12,14,12,0
Dr. Steffanie Schilder,12,10,12,0
Lakeisha  McDonald,12,3,12,0
Varayna Cordell,12,10,12,0
Frances McMiller,12,4,12,0
Dr. Marilynn Parker,12,29,12,0
Emily Hoelscher,12,17,12,0
Joseph Osiecki,12,9,12,0
Kennedy Shenberg,12,10,12,0
Dr. Michael Becerra,12,10,12,0
Amy Freeman,12,6,12,0
Joshua Minnich,12,6,12,0
Brian Strode,12,9,11,1
Julie Anderson,12,8,12,0
Carolyn Anderson,12,15,12,0
James Loffredo,12,14,12,0
Daniel Foust,12,32,11,1
Brenda  Zalka,12,29,12,0
Hannah Bing,12,10,12,0
Jax Anderson,12,15,12,0
Kylie  Kam,12,8,12,0
Roslyn Igbani,12,8,12,0
Melissa DeFilippi,12,10,12,0
Dr. Margaret Dawn Bilings,12,15,12,0
Amber Hulgan,12,9,12,0
Mary Keller,12,3,11,1
Dr. Phyllis Hart,12,8,11,1
Christine Dennis,12,9,12,0
Dr. Robert Egbert,12,30,12,0
Ashna Wallace,12,8,12,0
Shylah Ridgway,12,6,11,1
Dr. Lauren Ungar,12,27,12,0
Rhonda Stalb,12,10,12,0
Dr. Kimberley Dockery,12,10,12,0
Kimber Brightheart,12,16,10,2
Erin Walser,12,9,12,0
Ali Jackson,12,30,12,0
Ellen Thomas,12,6,12,0
Jerry Guy,12,3,12,0
Dr. Brenda Dillingham,12,11,12,0
Marie Rose  Walters,12,26,11,1
Chelsea Moreau,12,9,12,0
Dr. Eric Biscoglio,12,12,12,0
Julissa Reynoso,12,5,12,0
Brenda Thayer,12,5,11,1
Jim Disantis,12,35,11,1
Nance (Nancy) Postier,12,28,11,1
Mindy Hughett,12,3,12,0
Carl Ross,12,15,11,1
John Doleski,12,11,11,1
Molly Laich,12,3,12,0
Deborah Katsikas,12,20,12,0
Joshua Kates,12,23,11,1
Nicole Ford,12,3,12,0
Dr. Stella Diai,12,5,12,0
John Deyo,12,12,11,1
Dr. SUZANN OKOON,12,3,11,1
Lauryn Shugars,12,7,12,0
Erica Portillo,12,8,12,0
Melissa Clayton,12,3,12,0
Dr. Adam McTighe,12,17,11,1
Krista McKelvin,12,15,12,0
Alex Petrino,12,8,12,0
Dawn Cheetham,12,16,12,0
Thomas Castro,12,8,12,0
Teresa Henson,12,20,11,1
Joshua McElroy,12,7,12,0
Donald  McRae,12,23,11,1
Sarah Osmer,12,7,12,0
Dr. Christa Benton,12,10,12,0
Kat Nechleba,12,4,12,0
William  Wilson,12,6,12,0
Jasmine Casanova,12,3,10,2
Ebonii Nelson,12,3,12,0
Julia Mendoza,12,7,12,0
Dr. Will Means,12,30,11,1
Melissa Winston,12,3,12,0
Stephanie Harris,12,6,12,0
Pietro (Pete) Martucci,12,3,11,1
David Affolter,12,25,12,0
Jennifer  Adamson,12,20,12,0
Stanley Schleifer,12,33,11,1
Ann Adams,12,3,11,1
Dr. Fulivia Cannady,12,15,12,0
Anne Kuni,12,5,12,0
Kathleen Reckart,12,14,12,0
Catalina Garcia,12,10,12,0
Shay Williams,12,15,12,0
Darla Roundtree,12,3,12,0
Heidi Wood,12,10,12,0
Jennifer Neagle-Fugate,12,7,11,1
Jacqui Hayes,12,7,11,1
Christina  Acheson-Hayes,12,17,12,0
Elizabeth Saunders,12,7,12,0
Dr. Stacy Peebles,12,20,12,0
Elika Kormeili,12,10,12,0
Azmen Williams,12,7,12,0
Arielle Griffin,12,3,11,1
Rev. Michael Abell,12,10,11,1
Meaghan Campbell,12,7,12,0
Elizabeth Carr,12,6,12,0
Janet Ready,12,20,12,0
Lindsay Marquez,12,5,12,0
Lisa Haughey,12,30,12,0
Dr. Linda Pendleton,12,30,12,0
Ximena  Abondano,12,30,12,0
Megan Heary,12,4,12,0
Zamen Abo-Zebiba,12,8,12,0
Dr. Nichole  Schermerhorn,12,22,11,1
Dr. Steffanie Sciandra,12,12,12,0
Dr. Mark Parisi,11,20,11,0
Muma Azeh,11,4,10,1
Staci Durik,11,10,11,0
Candace Johnson,11,10,10,1
Angela Colville,11,8,11,0
Tammy Weinke,11,4,11,0
Thomas Mattison,11,5,11,0
Charles McBride,11,10,11,0
Tonya Klemmer,11,16,11,0
Dr. Judith Mathewson,11,4,11,0
Andrew Nix,11,5,11,0
Whitney Radford-McGee,11,5,11,0
Cheryl Ann Hall,11,20,11,0
Deborah Ridgeway,11,15,11,0
Heath Miller,11,22,11,0
Sara Bickar,11,9,11,0
Nicolette Ulstrom,11,8,11,0
Yuki Sugisaki,11,14,11,0
Roberta Fish,11,3,11,0
Darcy Elton,11,10,11,0
Karen Welker,11,3,11,0
Danielle Finch,11,9,11,0
Tracy Dasher,11,8,11,0
Dr. James Welch,11,20,11,0
Alyssa Moore,11,7,11,0
Josh Eastlick,11,5,10,1
Phyllis Darkwa,11,4,11,0
Angela  Wyne,11,12,11,0
Dominique Darby,11,5,11,0
Aritha Yarborough,11,3,11,0
Melissa Thomas,11,30,11,0
Dr. Martha Singleton,11,12,11,0
Joanne Schrock,11,5,11,0
Tammi Rider,11,25,11,0
Ralph Monroy,11,7,11,0
Elena Gregorio,11,9,11,0
Jason  Weiland,11,10,11,0
Karen Van Acker,11,14,11,0
Gary Arfstrom,11,15,11,0
Christina Stone,11,15,11,0
Danielle Hughes,11,8,11,0
Darcie Kelly,11,18,11,0
Linda Seraphin,11,15,11,0
Kathy Waskiewicz,11,17,10,1
Julia D'Agostino,11,6,11,0
Jamie Sawyer,11,10,11,0
Jennifer Yost,11,22,11,0
Patricia Kuenstler,11,20,11,0
Andria Achong,11,10,11,0
Carrie Prince,11,11,11,0
Sonia Blue,11,22,11,0
Cay McLane,11,8,11,0
Kimberly Kenser,11,7,11,0
Mary Allen,11,27,11,0
Kathee Foxan,11,11,10,1
Brittany Snyder,11,9,11,0
Janice Withrow,11,14,11,0
Linda Snyder,11,20,11,0
Laura Woods,11,5,11,0
Tami Bullock,11,5,11,0
Hannah Karolewicz,11,5,11,0
Sherri Burkert,11,12,11,0
Tina Lass,11,3,10,1
Eugene VanBurch,11,6,11,0
Dr. Galina Buckhout,11,13,11,0
Dr. Dominiquie Clemmons-James,11,9,11,0
Debbie Hayes,11,7,11,0
Diana Uribe,11,9,11,0
Brittany Duke,11,6,11,0
Sherri  Mkhwane,11,7,10,1
Tammy  MackinsHill,11,3,10,1
Stephen Krysztoforski,11,10,11,0
Erica Decker,11,7,11,0
Maurice Curlee,11,34,11,0
Dr. Frederick  Smoot,11,3,10,1
Tara Parker,11,6,11,0
Mary Alice Emert,11,25,11,0
Elizabeth Lombino,11,20,11,0
Lisa Patterson,11,20,11,0
Jana Carroll-Thomas,11,5,11,0
Laurie  Black,11,11,11,0
Helen Ford,11,10,11,0
Moriah Taylor,11,14,10,1
Donald Ford,11,13,11,0
Megan Hamm,11,8,11,0
Bren Berry,11,10,10,1
Mildred Harris,11,20,11,0
Tepairu Yarbrough,11,11,11,0
Perry Collonge,11,6,11,0
Dr. April Abrego,11,4,11,0
Stephanie  Nash,11,29,11,0
Sarah  McCumiskey,11,9,11,0
Rebecca Canon,11,3,11,0
Jazmin Elizondo,11,4,10,1
Leslie Davis,11,6,11,0
Kelly Waggoner,11,12,10,1
Marie Pierre-Canel,11,3,11,0
Martha Fenimore,11,20,11,0
Mark Hatfield,11,11,11,0
Erika Hill,11,11,11,0
Aaliyah El-Amin-Turner,11,3,11,0
Keeli Lamie,11,4,11,0
Melissa Moore,11,12,11,0
Tasha Young,11,3,11,0
Susan Carlson,11,14,11,0
Lindsay  Broekstra,11,3,11,0
Michelle Brody,11,5,11,0
Dr. Latasha McIlwaine,11,15,11,0
Tracy Taub,11,20,11,0
Sylvie-Queen Ekobena,11,10,11,0
Rachel Ferguson,11,6,11,0
Elmer Otey,11,30,11,0
Kasheena Griner,11,5,11,0
Howard Hansell,11,20,11,0
Michael Tidstrand,11,4,11,0
Angela  Williams,11,7,11,0
Lauren Kurstin,11,7,11,0
Julie Vierling,11,28,10,1
Michelle Eveland,11,9,11,0
Laketia Carrell,11,20,11,0
Christina Rodriguez,11,16,11,0
Neville Harson,11,15,11,0
Raikeya Collins,11,19,11,0
Hilary Haverkamp,11,13,11,0
Joycelyn Smith,11,7,11,0
Alicia Winkle,11,7,11,0
Dr. Amanda Veldorale-Griffin,11,11,11,0
Eric Velazquez,11,9,10,1
Lois McCrone,11,7,11,0
Margaret Mccready,11,30,11,0
Sarah Auger,11,6,11,0
Alva Hanns,11,25,10,1
Terry Ainsworth,11,20,10,1
Theresa Slocum,11,9,10,1
Brittany  Randolph,11,6,11,0
Stephanie Van Ingen,11,20,11,0
Waynettia Kirtsey,11,23,10,1
Prem Nikoniuk,11,,11,0
Christopher Navas,11,6,10,1
Amy Krohn,11,5,11,0
Julia Collins,11,22,11,0
Katelyn Hunter,11,3,10,1
Jasmine Owarish-Gross,11,5,10,1
Laura Shaffner,11,10,11,0
Melanie Hunter,11,22,11,0
Christy Sutton,11,3,11,0
Elizabeth Waissman,11,15,11,0
Sarah Davidson,11,4,10,1
Joe Musacchio,11,28,11,0
Dr. Tamika Person Knisley,11,22,10,1
Auslyn Thomas,11,5,11,0
Susan Davidson,11,11,11,0
Vani Burnette,11,10,11,0
Drew Miller,11,9,11,0
Jenifer Pittman,11,14,11,0
Nina Davachi,11,3,11,0
Cartessa Smith,11,3,11,0
William Solari,11,5,11,0
Jeanine Overton,11,11,11,0
Betty Collins,11,23,11,0
Dr. Jeffery Grumley,11,25,11,0
Laura Lowery,11,12,11,0
Dory Richards,11,8,11,0
Dr. Mary Beaver,11,14,10,1
Wendy Hall,11,26,11,0
Kara Pederson,11,10,10,1
Dr. Donna Bliss,11,29,11,0
Kate Schenk,11,4,11,0
Tracy Ehrhardt,11,30,11,0
Nadie Roberson,11,3,10,1
Cletus Deller,11,15,11,0
Stephanie Thomas,11,3,11,0
Kevin Hawk,11,14,11,0
Noelle Penshorn,11,6,11,0
Cynthia (Cindy)  Homel,11,9,11,0
Jayne  Praxis,11,10,11,0
Janel Blackman,11,12,11,0
Jean Beatie,11,30,10,1
Susanne Loar,11,12,10,1
Dr. Jeff Thompson,11,26,11,0
Dr. Kathy McCoy,11,24,10,1
Laurie  Vero,11,5,11,0
Dr. Elie Cohen,11,11,10,1
Chris Crawford,11,3,11,0
Ginger Myers,11,16,11,0
Keirsten Johnson Roath,11,24,11,0
Karin Yahr,11,11,11,0
Jessica Peters,11,3,11,0
Nadirah Muhammad,11,5,10,1
Christina Penge,11,11,11,0
Silvestre Rubio,11,8,11,0
Jennifer Fults,11,5,10,1
Stephanie Furgiuele,11,29,11,0
Dr. Merranda Marin,11,15,11,0
Paty Hernandez,11,3,11,0
Terry Janelle,11,10,10,1
Jenna Cohen,11,8,11,0
Deidre Batson,11,3,11,0
Nicole Taylor,11,3,11,0
Billie Trahan,11,17,11,0
Ariel Rendt Padron,11,3,11,0
Dr. Lorena Fulton,11,26,11,0
Joseph Lee,11,9,11,0
Worth St.George,11,10,11,0
Christina Tri,11,6,11,0
Shetress Woods,11,12,11,0
Sheree Collins,11,3,11,0
Daryl Mitchell,11,26,11,0
Grant Tomey,11,7,11,0
Eliana Downing,11,3,11,0
Sharlese Jones,11,15,11,0
Dr. Samantha Cole,11,17,11,0
Dr. Chanda Pilgrim,11,26,11,0
Erin Nemons,11,5,11,0
Starr Lee,11,9,11,0
Lisa Williams,11,3,11,0
Chanel Scales,11,7,11,0
Benjamin Bess,11,4,10,1
Larissa Liburd,11,10,11,0
Kirsten Coveney,11,18,11,0
Anna Andrews,11,13,11,0
Dr. Siyuan Kennedy,11,10,11,0
Nikki Goodenough,11,27,11,0
Jamesetter Credell,11,3,10,1
Kellis Quinones,11,8,11,0
Mia Garret,11,8,11,0
Jeffrey (Jeff) Cohen,11,20,11,0
Shelley Sargent,11,12,11,0
Melissa McCauley-Burow,11,14,10,1
Rhonda Rittenhouse,11,13,11,0
Victor Rose,11,10,11,0
Jamie Johnson,11,10,11,0
Althea Sawyers,11,10,11,0
Kerri Scully,11,17,10,1
Kristin  Scott-Groves,11,3,11,0
Barbara Beam,11,10,11,0
Jourdan Travers,11,5,11,0
Kathy Gomatos,11,8,11,0
Lorraine Calhoun,11,10,11,0
Carrie Ison,11,10,10,1
Diane Marshall,11,21,10,1
Jean-Michael Bouciquot,11,3,11,0
Megan Bartz,11,3,11,0
Carisma  Garrett,11,7,11,0
Mia Johnson,11,25,10,1
Angela Miller,11,20,11,0
Wanda Chisolm,11,15,11,0
Alan Schweizer,11,23,10,1
Patricia Manning,11,3,11,0
Anna Bolliger,11,3,10,1
Holly Sturges,11,7,11,0
Sharon Wharton,11,3,11,0
Andrea Meier,11,15,11,0
Catherine Wilson,11,12,11,0
Terry Johnson,11,4,11,0
Donna Reed,11,13,11,0
Jessica Hagen,11,5,10,1
Erin Moles,11,5,11,0
Tammy Johnson,11,16,10,1
Latasha  Johnson,11,10,11,0
Mary Jackson,11,4,11,0
Alex Dixon,11,4,11,0
Shelby Sandlin,11,3,11,0
John Phelps,11,7,11,0
Kim Fuller,11,20,11,0
Jason Harper,11,4,11,0
Sarah  Jennings,11,3,11,0
Jessica Soussana,11,13,11,0
Eleanor Woollard,11,30,10,1
Tony Karajanis,11,3,11,0
Patrick Ide,11,9,11,0
April Brandon,11,3,11,0
Dr. Joseph Corbin,11,9,11,0
Chris Coleman,11,22,10,1
Christine Hopkins,11,14,11,0
Eileen  Cauley,11,44,11,0
Jearald Dudley,11,3,11,0
Jessica Gordon,11,15,11,0
Dr. Steven Bond,11,9,10,1
Kaniecia Mixon,11,3,11,0
Dr. Taryn Stevenson,11,14,11,0
Pedro  Ricardo Gonzalez,11,21,11,0
Jamie Morris,11,10,11,0
Kesha McClure-Hunley,11,13,11,0
Dr. Mecca Major-Martin,11,7,11,0
Jessica Gifford,11,7,11,0
Stephanie Freeman,11,4,11,0
TJ  (Tanya) Gorman,11,19,11,0
Kenya Duncan,11,4,9,2
Allison Chapple,11,15,11,0
Annetta  Starr,11,5,11,0
Jeff Gishkin,11,30,11,0
Manda  Selva,11,5,11,0
Linda Oberle,11,3,10,1
Caroline Carey Oesch,11,6,11,0
Gwendolyn Cane,11,3,11,0
Amy Coppinger,11,10,10,1
Melanie Hendricks,11,23,10,1
Iris Curry,11,18,11,0
Amanda McCarron,11,11,11,0
Nicolas Gurley,11,3,11,0
SONJA RIVERA,11,10,11,0
Heather Driver,11,7,11,0
Margarita Graeber,11,9,11,0
Denise Mitchell,11,14,11,0
Andrea Steward,11,9,11,0
Faizah Nasser,11,8,10,1
Drs. Denise Lennon,11,22,11,0
Morgan Notel,11,11,11,0
Cheryl Nelson,11,25,11,0
Megan Rockwood,11,10,11,0
Linda Gonzalez,11,20,11,0
Amie Markowitz,11,11,11,0
Virginia Ballantyne,11,7,11,0
Keiana Jones,11,21,11,0
Felicia Mask,11,5,11,0
Aaron Swerdlove,11,4,11,0
James Nichols,11,3,11,0
Breanne Stanert,11,10,11,0
Britney Ledford,11,6,10,1
Gary Santorella,11,27,10,1
Wendy Benedict,11,13,11,0
Elaine Morris,11,19,11,0
Katherine Frederick,11,25,11,0
Christin Frederick,11,3,11,0
John Hess,11,20,10,1
Anicklette  Crumbley,11,14,11,0
Acacia Jaimez,11,5,11,0
Portia Hopkins,11,3,11,0
Jennifer Rochel,11,15,11,0
Stormy Harrison,11,9,10,1
Jessica Hirte,11,3,10,1
Jodi Turner,11,20,11,0
Carolyn Rose,11,10,11,0
Natasha Wilson,11,5,11,0
Erin Short,11,6,10,1
Rachel Seifert,11,4,11,0
Neal Reiersen,10,3,10,0
Camilla Dorand,10,3,10,0
Stephen Eller,10,12,10,0
Mirna Beltran,10,7,10,0
Ashley Shrieves,10,5,10,0
Emily  Beltran,10,12,10,0
Monica Holloway,10,10,9,1
Marquita Clay,10,14,10,0
"Tonya ""Celeste"" Agan",10,,10,0
Arianna Helfant  Peterson,10,7,9,1
Jo  Richardson,10,10,10,0
L. Kathleen  Brown,10,23,9,1
Connie Palacio,10,11,10,0
Jay Ortiz,10,9,10,0
Karen Haggard,10,10,10,0
Sonya McCurdy,10,16,10,0
Nici Richardson,10,5,10,0
Tara Hartley,10,5,10,0
Denae Leigon,10,32,10,0
Pamela Lemaster,10,5,10,0
Malene Dixon,10,10,10,0
Susan Ackerman,10,25,10,0
Lisa Cisneros,10,12,9,1
Christine Sutka,10,9,10,0
Jerry Vobejda,10,14,10,0
Donna Strom,10,24,10,0
Chelsea Richardson,10,7,10,0
Sharell Arneaud,10,10,10,0
Susan Samek,10,30,10,0
Janet Newsham,10,15,10,0
Kristen Draughan,10,6,10,0
Anasuya Gutierrez,10,4,10,0
Mindy Reinhold,10,16,9,1
Catrina Drinning-Davis,10,9,10,0
Jacquelyn Buffo,10,9,10,0
Mary Clarkson,10,14,10,0
Elisa Stone,10,7,10,0
Brittany  O'Meara,10,3,10,0
Leah Schindler Isaacson,10,9,9,1
Stephanie Schindler,10,22,10,0
Dr. Chelsea Dumas,10,9,10,0
Kate McDonald,10,8,10,0
Michael Arieta,10,3,8,2
Debra Wright,10,18,10,0
Ebony Dunigan,10,3,10,0
Dr. Mia Robben,10,14,10,0
Angelica Simpson,10,3,10,0
Adan Montalvo,10,9,9,1
Michelle Walker,10,9,10,0
Kimberly Brownridge,10,12,10,0
Madalyn Riggins,10,5,10,0
Miranda  Metcalf,10,3,10,0
Julia Raffaini,10,11,9,1
Melissa Yost,10,15,10,0
Deborah Haddock,10,35,10,0
Robin Guterman,10,27,9,1
Kerry Duarte,10,7,9,1
Jeff Helms,10,5,10,0
Michael Radonski,10,8,10,0
Allison Grace,10,26,10,0
Shellye Sledge,10,15,10,0
Melinda Labbe,10,19,10,0
Melanie  Scicchitano,10,3,10,0
Anneka Dockery,10,3,10,0
Dr. Jason Hosch,10,24,10,0
Danielle Hoskins,10,10,8,2
Marvin Bellows,10,3,9,1
Dana Ottalagano,10,6,10,0
Daniel Haile,10,3,10,0
Nicole Lambert,10,4,10,0
Margaret  Paine,10,4,10,0
Melissa Andrews,10,3,10,0
Dr. Ildiko Tabori,10,20,9,1
Christine Clawley,10,4,10,0
Carlton Mitchell,10,3,10,0
Latoya Claxton,10,7,10,0
Jaime Masotti,10,9,10,0
Samantha Dogadkin,10,8,10,0
Nancy Arnovits,10,32,10,0
Barbara Lee,10,17,10,0
Chyrese Downs,10,4,10,0
Diana Lammers,10,15,10,0
Dr. Caroline Holte,10,15,10,0
Amy Tahran,10,10,10,0
Ebony  Walker,10,6,10,0
Lindsay Lee,10,10,10,0
Rebekah Philippart,10,15,10,0
Michelle Waguespack,10,12,10,0
Emily Moley,10,9,10,0
Skyler Dorsey,10,10,10,0
Caroline Schnarrs,10,15,10,0
Rosealee Williamson,10,11,10,0
Dr. Tatum Siebert,10,6,10,0
Michelle Lesagonicz,10,6,10,0
Kelsey Hopson-Shiller,10,10,10,0
Denise Cooper,10,16,10,0
Danielle  Emina,10,3,10,0
Alicia Mercedes,10,6,10,0
Sarah McMillan,10,7,10,0
Sara White,10,6,9,1
Michele Chandler,10,10,10,0
Jennifer Balidio,10,6,10,0
Colette Spaulding,10,14,9,1
Jennifer Bowen,10,9,10,0
Vanessa Bowen,10,12,10,0
Amanda Rue,10,15,10,0
Arielle Ballard,10,13,9,1
Rebekah Jones,10,6,10,0
Becky Rojas,10,4,10,0
Olga Iof,10,10,10,0
Hayley Quinonez,10,8,9,1
Nikole Boston,10,7,10,0
Joseph Balogun,10,6,10,0
Karen Bradt,10,8,9,1
Midge Spong,10,10,10,0
Erica Innocent,10,6,10,0
Vanessa Galasso,10,3,10,0
Renee Green,10,3,10,0
Ericka Bassey,10,3,10,0
Susan Banco,10,30,9,1
Sean Sparks,10,3,8,2
Kelly Joyce,10,5,10,0
Jessica Frick,10,3,10,0
Robert Trombetta,10,10,10,0
Veronica Kasprzak,10,8,10,0
Michele Frakt,10,19,10,0
Jessica Bratt,10,3,10,0
Marsha Perfetti-McIntosh,10,6,10,0
Jennifer Oetinger,10,6,10,0
Victor Franco,10,23,9,1
Angela Frank,10,20,10,0
Claudia Gonzalez de Griese,10,6,8,2
Katrina Charlow,10,8,10,0
Lisa  Tuthill,10,12,10,0
Camille Redmann,10,3,9,1
Elizabeth Williams,10,7,10,0
Jennifer Charles,10,3,10,0
Terry Turner James,10,5,10,0
Sherrie Kaelin,10,20,10,0
Amity Olmstead,10,12,10,0
Robert Turner,10,13,10,0
Joshua Freeman,10,3,10,0
Kasey Saunders,10,13,10,0
Lindsey Chapman,10,3,10,0
Melva Gonzalez,10,13,10,0
Dr. Laura Thoreson,10,9,10,0
Beth Spotts,10,23,10,0
Kaley Kettering,10,7,10,0
Bridget Glass,10,3,10,0
Julie Bergstresser,10,5,10,0
Jonathan Stahl,10,8,10,0
Dr. Lori Van Meter,10,15,9,1
Valerie Giannavola,10,10,10,0
Allyce Baron,10,10,10,0
Lydia Zimmerman,10,30,10,0
Stephanie Stavinoga,10,20,10,0
Kristyn Jackson,10,7,10,0
Karen Memhardt,10,10,10,0
Kira Gill,10,10,10,0
Suzanne James,10,19,10,0
Claire Jones,10,12,10,0
DeWanda Gichemi,10,23,10,0
Bruce Barrett,10,19,10,0
Elizabeth Giele,10,31,10,0
Dr. Lukas Jaeggi,10,20,10,0
Jon Jacobs,10,3,10,0
Christie Jacobus,10,12,10,0
Si Thompson,10,9,10,0
Jessica Gihm,10,12,10,0
Melinda Gladden,10,4,10,0
Derek Bonds,10,12,10,0
Vanessa Iverson,10,3,10,0
Victoria Wendland,10,5,10,0
Casey Jenkins,10,12,10,0
Dr. Rosanne Nunnery,10,20,10,0
Matthew Govier,10,6,10,0
Lizzie Sperry,10,6,10,0
Eric Bolella,10,8,10,0
Dr. Christin Bermudez,10,10,10,0
Anela Richie,10,3,10,0
Jennifer Furlong,10,20,10,0
Meagan Jones,10,4,10,0
Abbie Gonzales,10,15,10,0
Kym Morrissey-Snarr,10,20,9,1
Diana Davis,10,20,10,0
Lucretia Reed,10,17,10,0
Dr. Linda Chamberlain,10,45,10,0
Elizabeth  Scala,10,38,10,0
Tashayla Williams,10,7,10,0
Robert Nwanganga,10,5,10,0
Amber Romanyshyn,10,11,10,0
Helen Carter-Gura,10,20,10,0
Janice Johnson,10,12,10,0
Ebony Johnson,10,7,10,0
Kevin Mack,10,3,8,2
Liana Menendez,10,5,10,0
Lisa Fox,10,27,10,0
Dr. Meredith Hayes,10,13,9,1
Mona Noble,10,16,10,0
Andrea Neeb,10,18,10,0
Dr. Christine Fadil,10,25,10,0
Prof. Sara Chesters,10,11,10,0
Jerah Griggs,10,16,10,0
Nichola Smith,10,15,10,0
Angela Veach,10,20,9,1
Allison Konovalova,10,5,10,0
Bonnie Fagan,10,8,10,0
Laura Havey,10,23,10,0
Somer Brown,10,6,10,0
Patricia Schultz,10,21,10,0
Tammy Murphy,10,20,10,0
Maggie Evans,10,9,10,0
Jesse Greene,10,5,10,0
Jennifer Schanzenbach,10,3,10,0
Angie Rackstraw,10,15,10,0
Jennifer Greene,10,12,10,0
Lemuel Williams,10,10,10,0
Jessica Christmann,10,10,10,0
Dr. Nancy Greene,10,6,10,0
Dr. Karen Perez,10,20,10,0
Brianna Longwell,10,4,10,0
Theodore Faneuff,10,10,9,1
Debra Fader,10,24,10,0
Jakara Hubbard,10,9,10,0
Brianna Auge,10,10,10,0
Sara Ewing,10,22,10,0
Tami Childs,10,5,10,0
Morgan Ash,10,10,10,0
Dr. Nawal Aboulhosn,10,3,10,0
Shannon Ashburn,10,3,10,0
Lisa Grinnell,10,15,10,0
Arian Englesson,10,12,9,1
Johanny Reyes,10,5,10,0
Dr. Tara Vilk,10,6,10,0
April Kouri,10,5,10,0
Dr. Jim Ciraky,10,15,10,0
Jennifer Eoff,10,10,10,0
Elizabeth Rodriguez,10,3,10,0
Leslie Gray,10,5,10,0
Dr. Terri Greer,10,20,10,0
Nancilee Korth,10,20,10,0
Karelin Wadkins,10,7,10,0
Aisha Evans,10,5,10,0
Jill Gray,10,10,9,1
Elizabeth  Carrero,10,8,10,0
Adam Kleger,10,6,10,0
Dr. Dan Boen,10,40,9,1
Willard Vaughn,10,12,10,0
Matt Vaughn,10,10,10,0
Racquel Smith,10,3,10,0
Laurie Unger,10,20,10,0
Christine Hurst,10,15,10,0
Frankie McKelvin,10,5,10,0
Kim Haws,10,40,10,0
Teresa Thompson,10,12,10,0
Jennifer Fischer-Sandoval,10,12,10,0
Cody Morales,10,9,10,0
Al Thomas,10,13,9,1
Timothy Teig,10,8,10,0
Arley Chisolm,10,10,10,0
Margaret (Peggy) McKinley,10,26,9,1
Dr. Kristina Thompson,10,8,10,0
Camille Green,10,13,10,0
Carol Bailey,10,20,10,0
Maria Chiodo,10,25,10,0
Taylor Kent,10,4,10,0
Brandie Wesley,10,15,10,0
Ettie Bailey,10,3,10,0
Michelle Murdock,10,7,10,0
Amanda Sneed,10,14,10,0
Victoria Kastor,10,3,10,0
"Elizabeth (""Betsy"") Murdock",10,19,10,0
Christie  Fiori,10,3,10,0
Dr. Sonya Smith,10,3,10,0
Stephanie Kohn,10,6,10,0
Dr. Steven Hurley,10,14,9,1
Renée Thompson,10,17,10,0
Tiara Blackwood,10,5,10,0
Kyle Austin,10,10,10,0
Lynn Murphy,10,11,10,0
Lauren Fawley,10,11,9,1
Erica Fayrie,10,14,9,1
Shanti Moore,10,3,10,0
Elizabeth Griffin,10,24,10,0
Heather Feig,10,10,10,0
Linda King,10,3,10,0
Faye White,10,20,10,0
Theresa Smith,10,12,10,0
Jonathan McKee,10,10,10,0
Kevin Poley,10,5,10,0
Melissa  Campos,10,13,10,0
Brian Briscoe,10,12,10,0
Tyler Olsen,10,6,10,0
Markus Fitzpatrick,10,11,10,0
Mary Unruh-Tipton,10,20,10,0
Edward Flatow,10,15,10,0
Sara Bailey,10,8,9,1
Brianne Bearese,10,12,10,0
Prell Gross,10,10,10,0
Alicia Clement,10,3,10,0
Ryan Worley,10,20,10,0
Adriana Loo,10,15,10,0
Ayesha Crawford,10,13,10,0
Beth Ringel,10,10,10,0
Linda Rawlings,10,20,10,0
Traci Schreibman,10,5,10,0
Shauna Allen,10,6,9,1
LaToya Bell,10,8,10,0
Joseph Rowe,10,4,9,1
Kristina Malley,10,5,10,0
Dr. Kristina Nemard,10,12,10,0
Sheri Warden-Harmon,10,10,9,1
Ameerah Ali,10,15,10,0
Darlyn Martinez,10,10,9,1
Monique Willett,10,10,10,0
Nicholas Denson,10,6,10,0
Melissa Dewlen,10,5,10,0
Brenda Wise,10,26,10,0
Kimberly Taylor,10,5,10,0
Claudia Burns,10,15,9,1
Jeanne Strauss,10,25,9,1
Samantha Hanson,10,5,10,0
Kate Baker,10,11,10,0
Pamela (Pam) Heyman,10,10,10,0
Timothy Weaver,10,39,10,0
Victoria Cannon,10,13,10,0
Jill Locklear,10,15,10,0
Ajila Harris,10,3,10,0
Barbara Pettibone,10,42,9,1
Leah Richards,10,3,10,0
Chris Muscatello,10,10,10,0
Shayna Diaz,10,3,10,0
Susan Harris,10,11,10,0
Cameron Schober,10,5,9,1
Jorge Santaella,10,11,9,1
Belinda Licea,10,4,9,1
Jessica Cleary,10,4,10,0
Arielle Manganiello,10,3,10,0
Joel Soucie,10,20,10,0
Sara DeRoo,10,10,10,0
Tracey Manning,10,3,10,0
Rebecca Dempsey,10,29,9,1
Karen Maldonado,10,12,10,0
Dr. Denise Cleveland,10,10,10,0
"Amanda ""Mandee"" Currie",10,5,10,0
Danielle Day,10,3,10,0
Tanya Cannon,10,8,10,0
Rachel Winton,10,6,10,0
Tracy Parks,10,8,10,0
Laurie Devine,10,30,10,0
Marissa Sherman,10,10,10,0
Dr. Joy Davis,10,10,10,0
Tanya Davis,10,12,10,0
Brooke Malensek,10,8,10,0
Janeka Collins,10,9,10,0
Kimberly Lincoln,10,11,9,1
Michael Shaughnessy,10,39,10,0
LaShaan Depina,10,6,10,0
Tracey Sherron-Spies,10,11,10,0
Emmalynn Clemmensen,10,4,10,0
Janet Caldwell,10,12,9,1
Aparna Bell,10,11,10,0
Erica Conklin,10,12,10,0
Kate Shannon,10,3,8,2
Miranda  Tamburello,10,7,10,0
Sarah Bessette,10,3,10,0
Anna Major,10,8,10,0
Dr. Kelsey  Railsback,10,6,10,0
Olivia Holiday,10,8,10,0
Dr. Jeannine Ray,10,12,10,0
Tiffany Ream,10,3,9,1
Jennifer  Roche-Sheets,10,13,10,0
Lisa Halstead,10,20,10,0
Erlynn Cabarles,10,28,10,0
Lisa Davis,10,10,10,0
Temeaka Hamm,10,19,9,1
Teresha Harper,10,7,10,0
Esteban Minsk,10,6,8,2
Kiran  Ahmed,10,10,10,0
Norma Robinson,10,4,10,0
Christine Parisen,10,3,10,0
Jennifer Alward,10,15,10,0
Tara Kesling,10,30,10,0
Sandra Lepe,10,15,10,0
Vickie Hainbach,10,12,10,0
Kathleen Connolly,10,10,10,0
Allison (Ali) Patsos,10,11,9,1
Monica Coleman,10,15,10,0
Teresa Hamilton,10,17,10,0
Michelle Hamilton,10,7,10,0
Amanda Cannella,10,8,9,1
Abayomi Nichols,10,20,9,1
Deborah Wilkerson,10,7,10,0
Lisa Mazzotti,10,25,10,0
Jessica Eddins,10,3,10,0
Takiesha Watson,10,11,10,0
Gwendolyn Miller,10,3,10,0
Paul  Pennington,10,15,10,0
Dr. Danielle Dance,10,15,10,0
Olivia  Adams,10,15,10,0
Patrick Santilli,10,8,9,1
Darleena Cozzo,10,25,10,0
Robert Woodhouse,10,7,10,0
Kelly Caleb,10,5,10,0
Sherrill Dana,10,30,10,0
Jennifer Strange,10,13,10,0
Carol Costner,10,15,10,0
Shareen Wornson,10,12,10,0
Michele D'Angelo,10,10,10,0
Courtney Krolikowski,10,5,10,0
Jennifer Parker,10,3,9,1
Suzanne Matson,10,17,10,0
Tiffany Marks,10,7,10,0
Janice Nass,10,40,8,2
Gil Carmona,10,30,9,1
Wes Akins,10,30,10,0
Jamesia Mathis,10,5,10,0
Deanna Daniels,10,18,10,0
Audrey  DeLay,10,5,10,0
Robert Anderson,10,18,10,0
Christie Wilhite-Chu,10,16,10,0
Amanda Lewis,10,3,9,1
Amy Settles,10,35,8,2
Jacqueline Wells,10,9,9,1
Mary Cole,10,9,10,0
Nancy Becker,10,3,10,0
Toni Byrd,10,7,9,1
Peggy Hogan,10,10,9,1
Christina  Watson,10,10,10,0
Cynthia Burman,10,15,10,0
Latoya Seals,10,7,10,0
Kathryn Demiri,10,8,10,0
Jane Miclon,10,3,10,0
Alisha O'Donovan,9,6,9,0
Debby Fenn,9,30,9,0
Melanie Auerbach,9,5,9,0
Rosette Schapira,9,20,9,0
Zuleyka Lopez Lisojo,9,8,9,0
Yoonkyung  Chung,9,5,9,0
Sophie Nathan,9,5,9,0
Juli-Ann Knight-Campbell,9,10,9,0
Rosland Powell,9,5,9,0
Rehana Saleem,9,8,9,0
Theresa Murphy,9,10,9,0
Dr. Linda Bell,9,40,9,0
Eileen Wolfe,9,11,9,0
Megan Balcarczyk,9,6,9,0
Andrea Begin,9,16,9,0
Sam Peters,9,5,9,0
Amy Furqueron,9,8,9,0
Brenna Michel,9,5,9,0
Christine Verolme,9,10,8,1
Jennie Friedman,9,3,9,0
Emily Priestaf,9,7,9,0
Rachael Meadows,9,19,9,0
Rachel Hall,9,5,9,0
Diane Smith,9,10,9,0
Brenda Moore,9,15,8,1
Bri Harless,9,11,9,0
Stacie Billingsley,9,14,9,0
Pamela Moore,9,11,9,0
Cheryl Weber,9,14,9,0
Norma Beatriz,9,41,9,0
Deanna Rasnic,9,22,9,0
Deborah Rasso,9,9,9,0
Kristina Mills-Gregory,9,10,8,1
Karen Grace,9,6,9,0
Cori Mosher,9,6,9,0
David Sullivan,9,21,9,0
Dr. Laurie Navin,9,17,9,0
Nick DeFazio,9,9,9,0
Denira Zardoost,9,3,8,1
Patrice Harris,9,20,9,0
Michele Albano,9,21,9,0
Rhonda Mason,9,10,9,0
Dr. Glen Prospere,9,26,9,0
Chris Nicely,9,10,9,0
Julieann Robinson,9,10,9,0
Lisa Smith,9,6,8,1
Jordan Martin,9,5,9,0
Rosie Pescador,9,12,9,0
Sarah May,9,3,9,0
Leah Hibl,9,3,9,0
Alesia Gonzalez,9,3,8,1
Mary Beth  Ridderman,9,9,8,1
Lori Haun-Mitchell,9,30,9,0
Stephanie Noto,9,15,9,0
Angela Stovall,9,3,9,0
Dr. Meri Stiles,9,20,9,0
Jeanette Etnier,9,25,9,0
Rainer Goldberg,9,5,9,0
Felicia Burnett-Lopez,9,10,9,0
Lani Ete,9,13,9,0
KAMAY GABODA,9,20,9,0
Ashleigh Gabriel,9,8,9,0
Donald Shawler,9,3,9,0
Kathryn Wayner,9,6,9,0
Jennifer Howell,9,23,9,0
Deborah Robitaille,9,20,9,0
Isabel Acevedo,9,3,9,0
Stephanie Orr,9,12,9,0
Aundrea Collebrusco,9,5,9,0
Jeffrey Randall,9,4,9,0
Lemlem Zellelew,9,9,9,0
Donna Deadman,9,3,9,0
Shannon Baldonado,9,8,9,0
Francesca Steele,9,13,9,0
Kerri Brown,9,12,9,0
Jessica Gerstein,9,6,8,1
Cindy McGraw,9,10,9,0
Kenya Brown,9,9,8,1
Dr. Belky Perez,9,17,9,0
Rachel Gloer,9,10,9,0
Dr. & Mrs. Francesca De Miguel Roberson,9,7,9,0
Ashley Yatzor,9,4,9,0
Monje Moore,9,20,9,0
Mackenzie Balderaz,9,5,9,0
Alexander Kranz,9,7,9,0
Kelly Hampton,9,15,9,0
Christian Enevoldsen,9,4,9,0
Stephanie Collins,9,6,9,0
Dr. Valerie  Glass,9,15,9,0
Joycinth Jones,9,17,9,0
Rebecca Mayer,9,16,9,0
Angela Mallard,9,14,9,0
Byron Scheider,9,40,9,0
James Votaw,9,13,9,0
Mehjabeen Aubol,9,5,9,0
Shania Barr,9,7,9,0
Kimberly Nave,9,5,9,0
Shelby  Quilling,9,3,8,1
Indria Ross,9,15,9,0
Blanca Kleinfall,9,4,9,0
Dave Boldebook,9,20,9,0
Dr. VALERIE QUARLES,9,30,9,0
Aalysha Gonzalez,9,12,8,1
Tangela Mills,9,7,9,0
Stuart Lynd,9,3,9,0
Elizabeth  Morgan,9,8,9,0
Amber Mikus,9,15,9,0
Mark Rogers,9,13,9,0
Rye Rin Cho,9,4,9,0
Kristy Nimz,9,5,9,0
Kimberly Corts,9,20,9,0
Era Thompson,9,7,9,0
Nancy Reali,9,16,9,0
Laura Salazar,9,5,9,0
Christina Keogh,9,5,9,0
Faryal Popal,9,8,9,0
Katie Frank,9,7,9,0
Dr. Treva  Sexton,9,8,9,0
Jennifer  Fisher,9,30,9,0
Sarah Baum,9,10,9,0
Camille Hehn,9,30,9,0
Drauzin Kern,9,32,9,0
Susan Nimrod,9,26,9,0
Dr. Amy Macey,9,15,9,0
Sarai Darbandi,9,5,9,0
Kathleen  Van Allen,9,4,9,0
Christopher Flanigan,9,10,9,0
Dr. Denise Finney,9,30,9,0
Jasmin Mamak,9,8,9,0
Katie Mahan,9,8,9,0
Claudia Amaris,9,5,9,0
Brittany Graniero,9,5,9,0
Alice Kalafarski,9,3,9,0
Tatiana Stewart,9,3,9,0
Amanda Nelsen,9,13,9,0
Caprisheus Oliver,9,10,9,0
Tanya Smith,9,14,9,0
Jo Ann Young,9,19,9,0
Katherine Lympany,9,3,9,0
Fritz  Heidenreich,9,3,9,0
Lekeshia Lynch,9,5,9,0
Erika Jacobson,9,6,9,0
Todd Byrd,9,5,9,0
Erica Harmon,9,5,9,0
Marla  Patterson,9,14,9,0
Maria Fontaine Velasco,9,10,9,0
Lisa Madsen,9,24,8,1
Ceselie Tobin,9,4,9,0
Mycah Whiting,9,9,9,0
Beverly Hulbin,9,12,9,0
Andrea Bridges,9,5,9,0
Gretchen Forrey,9,8,9,0
Ella Weiss,9,35,9,0
Merek Ramirez,9,20,8,1
Scott Cypress,9,9,9,0
Vivian Rowe,9,10,9,0
Rebecca Babener,9,12,9,0
Monique Giannetti,9,7,9,0
Nabeel Zabak,9,29,9,0
Jose Luis Moreno,9,10,8,1
Ceminthia Graham,9,8,9,0
Kaitlyn Braswell,9,5,9,0
Cynthia Fong,9,20,8,1
Ian Charnley,9,7,8,1
Jasmine Bernard,9,3,9,0
Meghan  Graham,9,10,9,0
Alejandra  Machado,9,9,9,0
Sherrie Schwab,9,18,9,0
Olayinka Akeju,9,9,9,0
Ellen Curran,9,10,9,0
Ardis VanMeerten,9,6,9,0
Alicia Powell,9,26,9,0
Michelle Flynn,9,4,9,0
Amanda Hood,9,8,8,1
Jean Snyder,9,20,9,0
Cheryl Scott,9,25,8,1
Robin Hughes,9,3,8,1
Shelley Akerman,9,7,9,0
GinaMarie Kelly,9,15,9,0
Douglas Stewart,9,5,9,0
Theresa Yu,9,4,9,0
Tad Lusk,9,5,9,0
Rachael Hudson,9,4,9,0
Kimberly Tarshis,9,3,9,0
Wendi Makus,9,8,9,0
Andrew Perez,9,5,9,0
Dr. Julius Austin,9,7,9,0
Melanie Smith,9,10,9,0
Amanda Paul,9,9,9,0
Rachel Black,9,16,9,0
Jazmin  Davis,9,7,9,0
Asa Morin,9,5,9,0
Darsha Clark,9,18,9,0
Kathryn Pugh,9,5,9,0
Steven Mutchnick,9,43,9,0
Andrea Ferrara,9,13,9,0
Dr. Jennifer Weekes,9,18,9,0
Heather Timm,9,3,9,0
Mardrey Kiles,9,7,9,0
Evan Burton,9,6,9,0
Joseph Christensen,9,20,9,0
Lydia Cerpa,9,37,9,0
Dr. Lynn Brown,9,20,9,0
Linda Culver,9,16,9,0
Jennifer Martin,9,10,9,0
Brent Harris,9,12,9,0
Dr. Melody  Hubnik,9,3,9,0
Glynis Fresia,9,4,9,0
Tina Parcell,9,30,9,0
Stephanie Morlan,9,14,9,0
Tim Brodkorb,9,32,9,0
Miranda Kolde,9,3,9,0
Dr. Griena Davis,9,5,9,0
Patricia Gimer,9,35,9,0
Barbie Davis,9,15,9,0
Jennifer McLucas,9,3,9,0
Shannon Davis,9,16,9,0
Rachel Vaughn,9,12,9,0
Kimberly Robinson,9,18,9,0
Regina Rivera,9,10,9,0
Marvin Lucas,9,27,9,0
Jeana Alvarado,9,7,9,0
Meagan Geurts,9,13,9,0
Keri Zwerner,9,18,8,1
Stephanie Haywood,9,21,9,0
Jennifer McKay,9,4,9,0
Courtney Szabo,9,3,9,0
Jessica Shaffer,9,10,9,0
Janet Haywood,9,6,9,0
Clarissa Parks,9,10,9,0
Robert Hanson,9,25,9,0
Makeda Kahlein,9,7,9,0
Jennifer Munyer,9,5,9,0
Melissa Harman,9,8,9,0
Tunisia Lumpford,9,5,9,0
Alissa Bohmann,9,6,9,0
Derrick   Sykes,9,10,9,0
Cynthia Luellen,9,20,9,0
Talena Odell,9,3,9,0
Steven Marshall,9,3,9,0
Karen Wood,9,18,9,0
Brian Shaffer,9,3,9,0
Jennifer Branin,9,13,9,0
Jolene Rogers,9,3,9,0
Dr. Benson Munyan,9,5,9,0
Erin Lingle,9,5,9,0
Vanessa Rodriguez,9,8,9,0
Jeanne Wenzke,9,13,9,0
Mary Cabarles,9,14,9,0
Zatascha Burton,9,6,9,0
Katesha  Broadus,9,7,9,0
Tara  Porphy,9,6,9,0
Naomi Smith,9,20,9,0
Dr. Adrienne Baggs,9,3,9,0
Danielle Butler,9,18,9,0
Orion Block,9,3,9,0
Paula Fields,9,15,9,0
Douglas Gorman,9,10,9,0
Patricia Heiner,9,3,8,1
Eric Herpin,9,15,9,0
Elizabeth Barrera-Sepulveda,9,22,9,0
Brian Thompson,9,10,9,0
Dr. Patricia Switaj,9,12,9,0
Teresa Worthy,9,20,9,0
Michelle Hankins,9,3,9,0
Donna Plummer,9,30,9,0
Ellet Durbin,9,7,9,0
Renee LaVigne,9,20,8,1
Onnie Michalsky,9,4,9,0
Anne Hoffman,9,6,9,0
Carla Zorko,9,12,9,0
Rachel Larreta,9,7,9,0
Crystal Owens,9,10,9,0
Olivia Roberts,9,3,9,0
Kelli Johnson,9,3,9,0
Hong Jeong,9,5,9,0
Elise Jacobson,9,27,9,0
MARIA DUGGAN,9,30,9,0
Michelle Owusu,9,10,9,0
Alexandra Therrien,9,3,9,0
Renee DeVuyst,9,18,9,0
Tia Lawler,9,3,9,0
Kimberly  Walker,9,17,9,0
Marcus Johnson,9,17,9,0
Shannon Calder,9,13,9,0
Tracy Simpson,9,12,9,0
Dr. Rosalyn Johnson,9,11,9,0
Dr. Alexandra Duffy,9,15,9,0
Kimberly  Johnson,9,10,9,0
Stormy Malone,9,6,9,0
Rachel Miller,9,5,9,0
Vincenza  Stone,9,5,9,0
Morgan Williams,9,3,9,0
Dr. Eric Manley,9,15,9,0
Alyssa Stone,9,8,9,0
Noelle Gunzburg,9,20,9,0
Aliya Mullins,9,14,9,0
Yvette Marshall,9,9,9,0
Deborah Abram,9,22,9,0
Lisa  Mccarton/weiss,9,20,9,0
Janet Thacker,9,6,9,0
Mary Beth DeMartino,9,3,9,0
Angela Bellinghausen,9,24,9,0
Brooke Lesley,9,6,9,0
Jacqueline Manley,9,15,8,1
Shalika Eaddy-Henderson,9,8,9,0
Valerie Lees,9,20,9,0
Melissa  Planas,9,6,9,0
Eric Castonguay,9,3,9,0
Kim Jackson,9,20,9,0
C. Andrew Baskin,9,10,9,0
Britani Lalone,9,3,9,0
Reggie Thirus,9,5,8,1
LaVonne Ricks,9,5,9,0
Steve Lewis,9,14,9,0
Jill Perrin,9,7,9,0
Michelle Owens,9,7,9,0
Chalice  Nelson,9,8,9,0
Elisa Doebler-Irvine,9,28,9,0
Ashton Hasson,9,5,9,0
Cecilia Clowdus,9,3,9,0
Dr. Christine Wilcox Kneupper,9,24,9,0
Michelle Protko,9,8,9,0
Bethany Maroney-Peterson,9,13,9,0
Melissa Hale,9,10,9,0
Sehnaz  Zor,9,17,9,0
Danielle Wargo,9,5,9,0
Molly Theurer,9,10,9,0
Mike Mccafferty,9,12,9,0
Dr. Anniesha Walker,9,17,9,0
Monica Campbell,9,19,9,0
Leah Drizin,9,5,9,0
Roberto Diaz,9,21,9,0
Justina Heredia,9,13,8,1
Lina Kotsoeva,9,5,9,0
Lizhen Yan,9,3,9,0
Brook Algarin,9,17,9,0
David Haynik,9,11,9,0
Anne Moss,9,13,9,0
Lisa Walker,9,6,9,0
Fantanesh Angaw,9,5,9,0
Lisa Molluso,9,18,9,0
Barry Aneda,9,12,9,0
Cara Pruitt,9,5,9,0
Jade Yamada,9,12,9,0
Annie Jacobs,9,3,9,0
Dr. Renee Brush,9,3,9,0
Roxanne McClung,9,13,9,0
Morgan Clary,9,8,9,0
Robert Schmidt,9,3,9,0
Andrew Mercer,9,10,9,0
Tracy Birkinbine,9,15,8,1
Nicole Spivey,9,8,9,0
Dr. Talya Straughter,9,22,8,1
Trisha Taylor,9,10,9,0
Dr.  Michael Woulas,9,41,8,1
Stacey Shine,9,11,9,0
Leora Mirkin,9,3,9,0
Nancy D Ross Rivera,9,15,8,1
Kathryn Bishop,9,28,9,0
Melanie DeWerff,9,5,9,0
Denise Doster,9,8,9,0
Cyre Guadalupe,9,5,9,0
Sean Miller,9,5,9,0
Talona Talbot,9,13,9,0
Stephanie Sigler,9,3,9,0
Carolina Dudley,9,3,9,0
Susan Lilly,9,25,9,0
Shannon Webb,9,18,9,0
Rob Wheeler,9,30,9,0
Dr. Bonnie Cotton,9,15,9,0
Danielle Milbourne,9,16,8,1
Dr. Keosha Branch,9,9,9,0
Oshe' Lewis-Reese,9,4,8,1
Dr. Lyle Seavy,9,32,9,0
Shelley Janz,9,20,7,2
Pearl Colbert,9,3,9,0
Candice Silebi,9,3,8,1
Kristina Hernandez,9,9,9,0
Andrea Middagh,9,4,9,0
Annette Humberson,9,15,9,0
Sharon Heaston,9,22,9,0
Erin Riley,9,3,9,0
Katherine Page,9,12,9,0
Dr. Clayton Martin,9,7,9,0
Dr. Lyanna Diaz,9,3,9,0
Russell Johnson,9,36,9,0
Dr. Soraya  Sawicki,9,20,9,0
Kathryn Boulet,9,4,9,0
Rob Henry,9,19,9,0
Roger  Andrews,9,13,9,0
Courtney Cope,9,11,9,0
Katherine Holley,9,15,9,0
Courtney Boatman,9,8,9,0
Karen Stockham,9,24,9,0
Dr. Quinella Minix,9,15,9,0
Charles Goldberg,9,6,9,0
Pamella Divinity,9,6,9,0
Dr. Sheri Wester,9,17,9,0
Laura White,9,3,9,0
Ben Piper,9,7,9,0
Janetta  Sledge,9,7,9,0
Sarah Yonan,9,17,9,0
Tyson Rittenmeyer,9,14,9,0
Kate Roberts,9,4,9,0
Amanda Thooft,9,15,8,1
Rachael Voelker,9,8,9,0
Cindy Cothran,9,18,9,0
Sarah Coiro,9,18,9,0
Dr. Tracy Deliman,9,30,9,0
Lynne  Campbell,9,3,9,0
Nichole Tackett,9,8,9,0
Ashley Warren,9,14,9,0
Ashley Abraham,9,3,9,0
Maisha Gainer,9,10,9,0
Melissa Lewis,9,12,8,1
Violeta Leon,9,4,9,0
Viola Rios,9,14,9,0
Simone Totoro,9,18,8,1
Austin Gonzalez,9,9,9,0
Amanda Warren,9,6,9,0
Maryellen Crompton,9,19,9,0
Prescilla John,9,7,8,1
Angie LeMay,9,8,9,0
Randee-Sue Kramer,9,25,9,0
Ruth  Stoan,9,35,9,0
Ryan Townes,9,3,9,0
Amy George,9,17,9,0
Catherine Towne-Coleman,9,38,9,0
Brayton Bollenbacher,9,3,9,0
Dr. Amy Clayton,9,21,9,0
Elizabeth Snow,9,6,9,0
Justin Nobles,9,3,8,1
Kiara Pittman,9,8,9,0
Diana Georgeou,9,22,9,0
Sam Staggs,9,9,8,1
Willie Mae  Godfrey,9,25,9,0
Ashley Houston,9,9,9,0
Ihsmel Cerisier,9,6,9,0
Adrina  McCarthy,9,5,9,0
Katie Harrison,9,9,9,0
Hilary Watson,9,12,9,0
Mitch Artman,9,13,9,0
April Rorabaugh,9,7,9,0
Debbie McCown-Perkins,9,10,9,0
Cindy Watson,9,3,8,1
Anna Claybaugh,9,4,9,0
Lanicia Marshall,9,10,9,0
Josh Burke,9,7,9,0
Dr. Cassandra April,9,25,9,0
Carla Johanns,9,20,8,1
Teresa Watson,9,3,9,0
Laraine  Winston,9,10,9,0
Leslie Shelton,9,15,9,0
Nathalie Donny,9,14,9,0
Dr. Joseph Pangelinan,9,25,9,0
Prof. Danielle Sheppard,9,17,9,0
Lois Lambert,9,25,9,0
Mignon Parker,9,7,9,0
Bridgett Holzheimer,9,11,8,1
Kirsten Jackson,9,3,9,0
Chelsea Heller,9,5,9,0
Traci Wilt,9,20,9,0
Maria Diz,9,7,9,0
Alison Bromley,9,20,9,0
Karlee Young,9,7,8,1
Karissa Piar,9,4,9,0
Dr. Tenille Richardson-Quamina,9,15,9,0
Cortney Dore,9,3,9,0
Kara Eberle,9,3,9,0
Amelia Lambert,9,16,9,0
Stacy Williams,9,13,9,0
Breanne Schnepf,9,4,8,1
Kelisa Volson,9,14,9,0
Robin Hewes,9,10,9,0
Monique Phillip,9,7,8,1
Louise Dery,9,25,9,0
Jennifer Ricci,9,14,8,1
Katie Reed,9,15,9,0
Honor Randall,9,5,9,0
Marcella (Marnie) Fulton,9,25,8,1
Sonya Belletti,9,22,9,0
Jana Lampman,9,5,9,0
Dr. Julia Torres,9,23,9,0
Mark Haase,9,17,9,0
Kim Leoni,9,26,9,0
Shanita Burgess,9,5,9,0
Dr. Wanda Parker,9,19,9,0
Jillian Schneider,9,15,9,0
Brent Berman,9,9,8,1
Elizabeth Anton,9,17,8,1
Dr. Laura Skotarczak,9,5,9,0
Jaclyn Krebs-Padisak,9,15,8,1
Christopher Willis,9,13,9,0
Emil Eichelberger,9,3,9,0
Sabrina Paul,9,4,9,0
Maria  Herrera,8,20,8,0
Cherri Boothe,8,11,8,0
Dayna  Pitzer,8,14,8,0
Joy Bell,8,17,8,0
Megan Jernigan,8,5,8,0
Sarah Hire,8,11,8,0
Terese Jeppson,8,11,8,0
Jennifer Master,8,6,8,0
Candace Sebastian,8,3,8,0
Renzo Torrenga,8,9,8,0
Monica Natarajan,8,10,8,0
April Bailye,8,12,8,0
Maria Caruso,8,20,8,0
Dr. Ryan Bair,8,10,7,1
David Shirly,8,6,8,0
Dan Paulsen,8,11,7,1
Dr. Jennifer Garrison,8,12,8,0
Erika Brasington,8,10,7,1
Steve Hammond,8,6,8,0
Char Midkiff,8,11,8,0
Timothy Bozung,8,22,8,0
Christina Kee,8,13,8,0
Angie Adams Martin,8,21,8,0
Jamie Baburek,8,10,8,0
Jeremy Rankins,8,3,8,0
Kristin Gotebiowski,8,7,8,0
"Dr. Christopher  Garrison,  EdD., LCPC",8,34,8,0
LATONIA JENNINGS,8,3,7,1
Tiffany Cutrone-Scales,8,4,8,0
Chris Russell,8,20,8,0
Alexandra Johnson,8,6,8,0
Dr. Kathryn Oden,8,30,8,0
Amy Barnes,8,23,8,0
Nolan Garrett,8,25,8,0
Andrea  Carin,8,18,8,0
Brianna Toomes,8,3,8,0
Donna Ray,8,30,8,0
Jon Ebert,8,3,8,0
Megan Vaccaro,8,19,7,1
Zoe Paulson,8,15,8,0
Christine Conover-DeFresco,8,18,8,0
Kim Sober,8,22,8,0
Jacqueline Tasca,8,20,8,0
Kimberly Marsh,8,20,8,0
Tonia Dalton,8,6,7,1
Susan Maehre,8,17,8,0
Amy Hulings,8,5,8,0
Lauren Uyeji,8,6,8,0
Cicely Charlson,8,10,8,0
Dr. Nzingha Dalila,8,24,8,0
Dr. Nicholas Schweizer,8,18,8,0
Dr. Joseph Cusumano,8,33,8,0
Alexandrea Jackson,8,6,8,0
Lindsay  Perrone,8,3,8,0
Stephanie Mouser,8,5,8,0
Joann Weston,8,14,8,0
Alisa Sawyer,8,7,8,0
Adam Krizanik,8,5,8,0
DeNean Jones,8,8,8,0
Karen Pena,8,22,8,0
"Cynthia ""Cindy"" Speakman",8,5,8,0
Michelle Tarbell,8,15,8,0
Katrina Jones-Lewis,8,8,7,1
Tara  Meehan,8,15,8,0
Christine Gallagher,8,,8,0
Terri Goldstein,8,3,8,0
Sharon Sumler,8,20,8,0
Kathi Turner,8,42,7,1
Stephanie Johnston,8,15,8,0
Robert Frost,8,8,8,0
Dr. Gary Jordan,8,43,8,0
Gaynor Butler,8,20,8,0
Mary Patrice Pero,8,8,8,0
Nancy Wess,8,12,8,0
Anthony Sparacino,8,14,8,0
April Thornton,8,20,8,0
Kathleen Castro,8,8,8,0
Maryann Porter,8,30,8,0
Adhanet Zereabruk,8,12,8,0
John Moyanah,8,4,8,0
Chrissie Jostock,8,7,8,0
Lydia  Ignacio,8,3,7,1
Sarah  Myers,8,14,8,0
Lauren Berardo,8,3,8,0
Sherrie Bast,8,3,8,0
Hope Nester,8,3,7,1
Jennifer Bouher,8,3,8,0
Heather Raymo,8,29,8,0
Dr. Donna Mandel,8,15,8,0
Tracy Muklewicz,8,18,8,0
Alexann Masiko-Meyer,8,5,8,0
Simone Ingram,8,5,8,0
Amber Barnett,8,9,8,0
Karimah Midgette,8,14,8,0
Manqual Chambers,8,3,8,0
Brittney Williamson,8,7,8,0
Joleen Crook,8,20,8,0
Ann Rutherford,8,14,8,0
Isabella Chayne Boutillette,8,27,8,0
Jennifer Turek,8,9,8,0
Jamie Sehrt,8,14,8,0
Steve Bezdeka,8,25,8,0
Deb Fuller,8,19,8,0
Crystal  Miller,8,7,7,1
Sullivan (Anthony) Zarriello,8,7,8,0
Sara Schuessler,8,11,7,1
Lisa Jones,8,9,8,0
Maxi Malone-Deese,8,4,8,0
Liza Trainello,8,5,8,0
Dr. Laura Lee Jones,8,20,8,0
Mark Crowe,8,14,8,0
Taylor McNeely,8,4,8,0
Dabney Hayes,8,12,8,0
Leigh Westergren,8,6,8,0
Nicholas Frye,8,12,8,0
Julie Gallivan,8,3,8,0
Lashanda Robertson,8,16,8,0
Alyssa Bass,8,5,7,1
Jasmine  Banner - Hubbard,8,5,8,0
Dr. Daniel Ringhoff,8,16,8,0
Lauren Capitini,8,18,8,0
Beverly Rouse,8,6,8,0
Dr. Ophelia Blackwell,8,13,7,1
Dr. Carrie Swiderski,8,16,8,0
Michelle Chapman,8,3,8,0
Margaux Bonzon,8,6,8,0
Dr. Shauna Snipes,8,6,8,0
Brittany Bordonaro,8,10,8,0
Marguerite Braden,8,10,7,1
Joseph Rifici (He/Him),8,10,8,0
Kristy Nystrom,8,12,8,0
Victoria Baker,8,30,8,0
Leslie Cullen,8,20,8,0
Taylor Ham,8,7,8,0
Erin McLean,8,7,8,0
Emily Tarantola,8,10,8,0
Lyn Cassin,8,14,8,0
"J. .  Brannen, LCSW, CAP",8,22,8,0
Linda Maiolo-Methe,8,25,8,0
Heather Johnson,8,6,8,0
Melissa McLaurin,8,10,8,0
Jerry Franklin,8,8,8,0
Shirley Semel,8,8,8,0
Jolene Meisner,8,20,8,0
Sophia Franklin,8,12,7,1
Charles Plafcan,8,8,8,0
Laura Mclaughlin,8,3,8,0
Dr. Dana Carter,8,10,7,1
Alyssa Sceppaguercio,8,6,8,0
Courtney Sonntag,8,7,8,0
Sonya Jenkins,8,25,8,0
Ashley Fowler,8,6,8,0
Eran Montiel,8,9,8,0
Manda Cook,8,10,8,0
Keli Hemingway,8,30,8,0
Meashline Titus,8,10,8,0
Michael Rose,8,10,8,0
Kimberly Sturdivant,8,11,8,0
Claudia  Stein,8,25,8,0
Taresa Spade,8,7,8,0
Melita  Torres,8,7,7,1
Roseanne Trevino,8,3,8,0
Talle Selhorst,8,6,8,0
Alfred Carter,8,16,8,0
Dan Bannister,8,30,8,0
Dr. Jacqueline Julien,8,3,8,0
Alethea Gough,8,3,8,0
Claudia Boles,8,20,8,0
Ann Garvey,8,3,8,0
Elizabeth Hance,8,12,8,0
Diana Hernandez,8,6,8,0
Chelsea French,8,3,8,0
Anne Weymouth,8,17,8,0
Stephanie Adams,8,7,8,0
Heather Tromp,8,13,8,0
Emily Whitehouse,8,3,8,0
Precious George,8,4,7,1
Maegon Miller,8,4,8,0
Mary Hallquist,8,11,8,0
Rachel Trott,8,4,8,0
Victoria Portanier,8,19,8,0
Kimberly Williams,8,18,8,0
Masood Moghaddam,8,3,8,0
Jessica Cauthorne,8,11,8,0
Jamie Vander Velden,8,5,8,0
Brittney McCoy,8,7,8,0
Dr. Rebekah  Jaeger,8,16,8,0
Tonya Wright-Hamilton,8,5,7,1
Dr. Diana Rowan,8,20,8,0
Jessica Salmon,8,15,8,0
Tonya Pleasant,8,25,8,0
Dr. Shaunna Haley,8,11,7,1
Evan Patten,8,10,8,0
Faith Berry,8,15,8,0
Marlene Campana,8,9,8,0
Heather Hiller,8,5,7,1
Dr. Christine James,8,10,8,0
J. Alan Waiczis,8,5,8,0
Brittany Pepper,8,5,8,0
Stephanie Ritcherson,8,15,8,0
David Lambert,8,40,8,0
Lisa Anderson,8,11,7,1
Tiffany  Winston,8,12,8,0
Tara Lineberry,8,3,8,0
Kaaren Anderson,8,3,7,1
Lauren Guilbeault,8,8,8,0
Janet Anselmo-Henson,8,30,8,0
Gail Cleveland,8,15,8,0
Shameka  Clark-Savage,8,10,8,0
Angela Hastings,8,7,8,0
Michelle Sherman,8,20,8,0
Ashwini  Gupta,8,1,7,1
Denise VonSchmidt,8,12,8,0
Jessica  Waskow,8,3,8,0
Marylon Larkins,8,5,8,0
(C. W.) Cecil Devers (he/his),8,14,8,0
Jaclyn Durrett,8,12,8,0
Trenton Owens,8,4,8,0
Leslie Becker,8,29,8,0
Sheri Murray,8,17,8,0
Berline Lapomarede,8,5,8,0
Andreina  Bello,8,8,8,0
James LaPoint,8,30,8,0
Marissa  Pinto,8,15,8,0
Dr. Douglas Livingston Quinn,8,21,8,0
Racquel Brown-Mortimer,8,6,8,0
Kristin Money,8,9,8,0
B. Denise Pope,8,25,8,0
Karlene Clarke,8,3,8,0
Stacy Thiry,8,10,8,0
Jennifer Wickersham,8,21,8,0
Cynthia Edelstein,8,6,8,0
Kathleen Beaulieu,8,20,7,1
Darla McAdams,8,3,8,0
Regina Yates Freeman,8,25,8,0
Dr. Silvio Reyes,8,19,8,0
Lauren Del Angel,8,5,8,0
Carole LaFreniere,8,5,8,0
Kathy Helgerson,8,9,7,1
Dr. Joseph Bodenmiller,8,35,8,0
Leigh Alanna Todd,8,5,8,0
Alicia Artz,8,13,8,0
Dorian Ellis,8,15,8,0
JoAnn Reaves,8,34,8,0
Christi Anderson,8,18,8,0
Wayne Bills,8,5,8,0
Dr. Orlando Rodriguez,8,12,8,0
Marcia Schick,8,32,8,0
Dr. Carol Oster,8,35,7,1
Amelia Robson,8,15,8,0
Lisa Lewis,8,7,8,0
Suzanne  Waverek,8,13,8,0
Keesha Sledge,8,10,8,0
Lora DeLapp,8,3,8,0
Natalie Eden,8,10,8,0
Lyn Rairdon,8,4,8,0
Vickie Lamb,8,10,7,1
Robin Wagner,8,10,8,0
Christopher Denzler,8,7,5,3
Sacha Montgomery,8,10,8,0
Jessica Clark,8,5,8,0
Sade Beaulieu,8,7,8,0
Paula Lamanna,8,6,8,0
Wendy Kraus,8,20,8,0
Jessica Messina,8,6,8,0
Jacqueline Young,8,10,8,0
Priscilla McAllister,8,3,8,0
Joanne Watson,8,15,8,0
Vanessa Reiser,8,5,7,1
Herb Cole,8,10,8,0
Monique Sledd,8,3,8,0
Monique Brown,8,7,8,0
Robyn Ott,8,28,8,0
Iwona Szukielojc-Kizziah,8,17,7,1
Angela Kubin,8,14,8,0
Sylvia Browning,8,10,8,0
Alexcis Grushinski,8,3,8,0
Lindsay  Dunnells,8,3,8,0
Dr. Carol Bunch,8,21,8,0
Dr. Andrea Young-Mayes,8,21,8,0
Pamela Barron,8,14,8,0
Rebecca Tingle,8,5,8,0
Benita Wilson,8,24,8,0
Gale Randolph,8,15,8,0
Inna Dobkin,8,12,8,0
Amie Diminico,8,10,7,1
Nisheba Parker,8,6,8,0
Brittany Wallis,8,3,8,0
Kristen Sartor,8,5,8,0
Judith (Judy) Nichols,8,3,8,0
Amanda Sieg,8,7,8,0
Naomi Blake,8,15,8,0
Lynette Carte,8,10,8,0
Felicia Lee,8,10,8,0
Patricia  Sims,8,4,8,0
Sarah Isaack,8,6,8,0
Dr. Shawyna  Murray,8,3,8,0
Beth Thibault,8,7,8,0
Katrice Hollins,8,5,8,0
Jennifer Lee,8,4,8,0
Jeannie Burdick-Cummings,8,35,8,0
Mary Hill,8,17,8,0
Autumn Cooper,8,17,7,1
James Warner,8,17,7,1
Willie Palmer,8,3,8,0
Sierra Rozmenoski,8,5,8,0
Pamela DiGangi,8,32,8,0
LAETITIA RODDE,8,9,8,0
Kaitlyn McMahon,8,9,8,0
Josh Holbrook,8,3,8,0
Kathryn Dittmann,8,3,8,0
Amanda Taylor,8,8,8,0
Emmaly Diller,8,14,8,0
Dr. Steven Levey,8,22,8,0
Dr. Julie Parker,8,10,8,0
Ruth Dombrowski,8,26,8,0
Neesha Lenzini,8,3,8,0
Rebecca Cohen,8,3,8,0
Lori Dixon,8,4,8,0
Jacquelyn Zimmerman,8,20,8,0
Tim McCann,8,3,8,0
Gay Lee,8,24,8,0
Dr. Kymberly Jackson,8,15,7,1
Ashley Goetsch,8,6,8,0
Jennifer  Hoffman,8,19,8,0
Nancy Lautenbach,8,6,8,0
Subena Gustave,8,3,8,0
Kathryn (Kathy) McCabe,8,9,8,0
Heather  Tolle,8,4,8,0
Carina Gustafsson,8,10,7,1
Amanda Nelson,8,9,8,0
Zach Bruns,8,3,8,0
Shlomo Lawrence,8,12,8,0
Luz Warfield,8,5,7,1
Irene Hopkins,8,3,8,0
Sharon Gusmus,8,3,8,0
Teresa Thiel,8,4,8,0
Dr. Brian Burgess,8,11,8,0
Anita Gurin-Lamee,8,18,8,0
Crystal Dungan,8,5,8,0
Shawnda Dewberry,8,7,8,0
LaNette Burgess,8,17,8,0
Megan Githens,8,10,8,0
Dante Bruno,8,6,8,0
Patrick  Lawrence,8,8,8,0
Yolanda  Jones,8,10,8,0
Stacey Ricca,8,8,8,0
Andrea Mitchell,8,8,8,0
Linlee Carbajal,8,8,8,0
Lisa Guerra,8,4,8,0
Antonia Di Leo,8,11,7,1
Sheila Adams,8,6,8,0
Morgan Jackson,8,13,8,0
Jared Washington,8,3,8,0
Andrew LeBlanc,8,10,8,0
Douglas Cope,8,24,8,0
Bobbi Stoner,8,10,8,0
Dr. Lisa Clarke,8,5,8,0
Rebecca Leal,8,10,8,0
Doreen Guddemi,8,25,8,0
Dr. Markelle Handy,8,12,8,0
"Rev. Peggy Ann ""Serena"" Hemmer LCSW",8,17,8,0
Melanie  Dente,8,3,8,0
Anthony Washington,8,22,7,1
Jacqueline Shields,8,3,8,0
Dr. Lakeba Williams,8,25,8,0
Marcy Drummy,8,8,7,1
Chelsea Sheedy,8,8,8,0
Christi DeFrancesco,8,11,8,0
Cheryl Stebbings,8,10,8,0
Jenny Smith,8,15,8,0
Alexis Bahnmaier,8,13,8,0
Leslie Boyett,8,11,8,0
Michelle Sylvester,8,6,7,1
Jennifer Colón,8,8,8,0
Dr. Jennifer Merrifield,8,3,8,0
Kobitta Chopra,8,3,8,0
Julie Williams,8,15,8,0
Julie Schaefer,8,18,8,0
Elizabeth Finley,8,10,8,0
Theresa Helgeson,8,5,8,0
Laura  Kern,8,3,8,0
Lo'Rece Mebane,8,15,8,0
MacKenzie Sullivan,8,4,8,0
Cassaundra Hanson,8,3,8,0
Christina Hall,8,10,8,0
Tameika Cheek,8,8,8,0
Marilyn Kennedy,8,27,8,0
Nancy Busch,8,10,8,0
Matthew Miller,8,3,8,0
Mia McKenzie,8,3,8,0
Melissa Averett,8,11,8,0
Elizabeth Olson,8,15,8,0
Matt Daues,8,25,8,0
Ryan Rhodes,8,5,7,1
Janeen Savini,8,4,8,0
Virginia  Baez,8,3,8,0
Katina Smith,8,6,8,0
Traci Ferris,8,3,8,0
Tamika Stewart,8,20,8,0
Dr. Takeshia Williams,8,4,8,0
Anthony Shannon,8,4,8,0
Claudia De la Torre,8,3,8,0
Dr. Rita Smith,8,25,8,0
Lacy Allen-Watkins,8,14,8,0
Susan  Jaros,8,20,8,0
Bethany Thomas,8,8,8,0
Sarah Khan,8,4,7,1
Brandi  Merrill,8,10,8,0
Tammy Fellows,8,14,8,0
Karyn King,8,12,7,1
Alyssia Woolard,8,11,8,0
Edlyne  Thelusma,8,15,7,1
Hannah Brents,8,3,8,0
Megan  Grandon,8,11,8,0
Tasha Williams- Panter,8,3,8,0
Shelley Shaffer,8,27,8,0
Dr. James Foos,8,31,8,0
Jessica Kelley,8,6,8,0
Shayna Sargent,8,8,8,0
Melissa Harbert,8,7,8,0
Karen Cauthen,8,3,8,0
Joy Kelleher,8,25,8,0
Amy McKinney,8,6,8,0
Ryan Fontaine,8,13,8,0
Gerald  Snell Jr,8,10,7,1
Denise Matherne,8,11,8,0
Dr. James Chavers,8,9,8,0
Jacqueline Bautista,8,17,8,0
Carrie Gottschalk,8,3,8,0
Michelle McKinnie,8,8,8,0
Janki Sevak,8,6,8,0
Sharla Macy,8,30,8,0
Harry Gordon,8,5,6,2
Dr. Ngozi Okose,8,30,7,1
Amy  Matelic,8,3,8,0
Dr. Miranda Parries,8,9,8,0
Lori Baber,8,10,8,0
Adanna Smith-Wilson,8,12,8,0
Mary Beth Bauerle,8,6,8,0
Andrea Bray Ryan,8,6,8,0
Rosemary Flores,8,11,8,0
Travis Stewart,8,16,8,0
Demenna Milord,8,3,8,0
Dr. Diana Wilcox,8,21,8,0
Kristhel Vallejo,8,5,8,0
Ed Green,8,30,8,0
Shawn Wilson,8,18,8,0
Lauren Strunk,8,10,8,0
Andrea Younger,8,3,8,0
Autumn Raborn,8,5,8,0
Rachel Daniels,8,4,8,0
Desiree Fisher,8,5,8,0
Steven Floyd,8,35,8,0
Stephanie Smith,8,3,8,0
Emily Fisher,8,4,8,0
Dr. Karin Celosse,8,5,8,0
Brady Daniel,8,12,8,0
Elizabeth Pezoa,8,28,7,1
Steven Glasser,8,10,8,0
Suzie Amacker,8,15,8,0
Marilyn Babcock,8,20,8,0
Vincent Nunez,8,4,8,0
Martha Fay,8,15,8,0
Whitney Thomas,8,3,8,0
Megan Peedin,8,3,8,0
Tammy Bonnici,8,12,8,0
Bradley Aldrich,8,18,8,0
Barbara Parker,8,3,8,0
Maeve Young,8,8,8,0
Jennifer Lopez,8,10,8,0
Dr. Lora Erickson,8,13,8,0
Jenna Lopez,8,11,7,1
Deborah Tome,8,35,8,0
Amber Cox,8,13,8,0
Martha Gray,8,18,8,0
Kimberly Stevens,8,4,8,0
Emily Perez,8,5,8,0
Lori De Leo,8,25,8,0
Crystal Cash,8,10,8,0
Frederica Wooten,8,15,8,0
Don De Lapp,8,20,8,0
Monique  Evelyn,8,4,8,0
Jessica Milosky,8,8,7,1
Lanette Rozier,8,25,8,0
Kelli Hall,8,3,8,0
Megan Bolotin,8,5,8,0
Laura Smith,8,8,8,0
Zelimna Taveras,8,3,8,0
Cody Villafana,8,5,8,0
Tyra Almaraz,8,3,8,0
Dr. Keisha McGill,8,19,8,0
Beth Worek,8,10,8,0
Nelly Gregorian-DeLeon,8,3,8,0
Holly Silverthorn,8,3,8,0
Kalisa Thomas,8,15,8,0
Julie Tallard Johnson,8,33,8,0
Samantha Kling,8,5,8,0
Michele Koenes,8,7,8,0
Nicholas Pantages,8,5,8,0
Dr. Denise Hall,8,20,8,0
Juliet Robinson,8,7,8,0
Kathryn Evans,8,5,8,0
Josh Tallent,8,5,8,0
Chloe Marrero,8,5,8,0
Ashante Webb,8,3,8,0
Amanda Smith,8,14,8,0
Karen Brochue,8,20,8,0
Miranda  Millican,8,9,8,0
Norah Knabe,8,10,8,0
Cassi Davis,8,9,8,0
Erin Murphy,8,5,8,0
Alison Mace,8,5,8,0
Crissy Kolarik,8,21,8,0
Joan Davis,8,5,8,0
Salina Mecham,8,3,8,0
Jonathan Meza,8,6,8,0
Ryan Espinoza,8,10,8,0
Monique Bivins,8,15,8,0
Shannon Sanders,8,5,8,0
Mikaela Posekany,8,4,8,0
Stacey Luczejko,8,13,8,0
Suzanne Alley,8,15,8,0
Dr. & Mrs. Liliana Uribe,8,10,8,0
Julia Villarreal,8,4,8,0
Randolph (Randy) Beasley,8,5,8,0
Julie Ramsey,8,30,8,0
Dr. Craig Schweon,8,25,7,1
Dr. Scott Lovaas,8,30,7,1
Audra Lacey,8,21,8,0
Stephanie Knott,8,7,8,0
Carlita Randall,8,17,8,0
Dr. Delthea Hill,8,25,8,0
Debbie De la Riva,8,10,8,0
Quanta Glover,8,15,8,0
Leonard Burns,8,30,8,0
Jerald Tisdale,8,4,8,0
Dr. Bosco Lorio,8,10,8,0
Jamie Farmer,8,16,8,0
Elizabeth (Beth) Carlson,8,4,8,0
Edrena Davis,8,15,8,0
Connie Davis,8,17,8,0
Hetal Patel,8,22,8,0
Crystal Reeves,8,3,8,0
Ranisha Presbery,8,11,8,0
Jolene Nell,8,20,8,0
Dr. Irena Glover,8,5,8,0
Megan Putnam,7,5,7,0
Lydia Toay,7,3,7,0
Rebecca Thompson,7,15,7,0
Razaria Best,7,14,7,0
Alicia Bolognese,7,20,7,0
Leigh Sturm,7,18,7,0
Candance Gilchrist,7,20,7,0
Annemarie Bello,7,10,7,0
Kimberly Bell,7,13,7,0
Tricia Thornton,7,3,6,1
Dr. Jane Barton,7,20,7,0
Michelle Barth,7,5,7,0
Jackie Murphy,7,11,6,1
Kristin Taylor,7,25,7,0
Amy Hausman,7,3,7,0
Tracy Striley,7,7,7,0
Katharine Starrantino,7,3,7,0
Rebecca Hathorn,7,17,7,0
Dr. Lashanda Baylor,7,18,7,0
Deborah Gromack,7,22,7,0
Melissa Groh,7,6,7,0
Mary Beckman,7,12,7,0
Evie Bodling,7,20,7,0
Brandi Szabo,7,10,7,0
Michelle Beaudoin,7,21,7,0
Barbara Hovey,7,24,7,0
Ashley Harris,7,10,7,0
Howard Lane,7,12,7,0
Victoria Blaylock,7,3,7,0
Dr. Lynell Howard,7,20,7,0
Helen Bleicher,7,11,7,0
Kaitlin Naatjes,7,5,7,0
Matthew Howard,7,20,7,0
Stephanie Suchon,7,5,7,0
Sarah  Heiser,7,10,7,0
Ilana Grines,7,5,7,0
Samuel Beckman,7,11,7,0
Stephen Murphy,7,6,6,1
Abigail Gray,7,6,7,0
Ricque Greer,7,6,7,0
Kathleen Hinchee,7,20,7,0
Ana  Nascimento,7,5,7,0
Dr. Kaitlyn Hostetler,7,3,7,0
Carol Tallant,7,15,7,0
Erica Holtz,7,13,7,0
Adam Hensley,7,12,7,0
Carly Hill,7,3,7,0
Alexandria Harville,7,5,7,0
PULCHERY THELUSMA,7,3,6,1
Samantha Nagy,7,10,7,0
Brittany Beck,7,6,7,0
Brittani Hailey,7,9,7,0
David Teachout,7,6,7,0
Fumi  Takashina,7,15,7,0
Tricia Richards,7,4,6,1
Carrie Stormzand,7,10,7,0
Abby Taylor,7,6,7,0
Tanesha Hooks,7,10,7,0
Jennifer  Hooyman,7,12,7,0
Debra Napier,7,20,7,0
Jill Haer,7,15,7,0
Dina Taylor,7,29,7,0
Ashley Becker,7,8,7,0
Dawn Marie  Hill,7,12,7,0
Heather Hamed-Moore,7,11,7,0
Christy  Hopwood,7,21,7,0
Lindsey Hoffman,7,4,6,1
Khaleelah Green,7,7,7,0
Geoffrey  Birch,7,5,6,1
Lauri Stoltzfus,7,3,7,0
Emmanuel Bioh,7,20,6,1
Amy Stolberg,7,20,7,0
Mieasha Edmonds,7,10,7,0
Dr. Saundra Taulbee,7,30,7,0
Lynn Repasky,7,18,7,0
Myroslav Rosky,7,10,7,0
Susan Stendel,7,15,6,1
Laura Bianchini,7,12,7,0
Melissa Powell,7,8,7,0
Brian Swope,7,9,7,0
Lisa Ibekwe,7,6,7,0
Dr. Josalyn Ice,7,19,7,0
Kristin Boland,7,11,7,0
Andie Ruggles,7,6,7,0
Michelle Batacan Alexander,7,35,7,0
Dr. Wendy  Hampton,7,10,7,0
Tamolyn Benke,7,15,7,0
Maria Tarquinio-Kuhn,7,15,7,0
Yolanda Gonzalez,7,4,7,0
Charles Goodson,7,3,7,0
Linzi Swisher,7,4,7,0
Abigail Rose,7,10,7,0
Jonathan Zucker,7,16,7,0
Amanda Sutton,7,3,7,0
Claire Thombs,7,9,7,0
Maighdlin Talo,7,3,7,0
Sofia Irons,7,4,7,0
Amy Mulrooney,7,15,6,1
Tess Powers,7,19,7,0
Nina Powell,7,20,7,0
Tawny Runnels,7,3,7,0
Deitra Harris,7,9,7,0
TONYA NORMAN,7,5,7,0
Robert Batie,7,11,7,0
Kari Hidalgo,7,9,7,0
Ryan Huling,7,4,7,0
Suzanne Stewart,7,14,7,0
Sally Bleier,7,30,7,0
Tim Gravier,7,16,6,1
Lisa Hrycushko,7,8,7,0
Jeanne Steuer,7,7,7,0
William Hansen,7,14,7,0
Katie Strub,7,13,7,0
Barbara Hershberger,7,3,7,0
Barbara Mutagamba,7,3,7,0
Micah-Jane Neese,7,6,7,0
Rolando Perez,7,4,7,0
Kate Nelson-Dooley,7,12,7,0
Victoria Hammer,7,9,7,0
Ramona Taylor,7,10,7,0
Jami Stephens,7,,7,0
Julia Hunter,7,27,6,1
Tiffany Thompson,7,6,6,1
Terra Prescott,7,10,7,0
Joy Hurley,7,7,7,0
Tiffany Harris,7,20,7,0
Rhonda Turner,7,3,7,0
Lekeisha Green,7,10,7,0
Pat Granada,7,4,7,0
Teri Struthers,7,22,7,0
Amy Bichsel,7,11,7,0
Elizabeth Page Brockwell,7,11,7,0
Christen Moseley,7,4,7,0
Renee Cavallaro,7,24,7,0
Jeannine  Salemi,7,13,7,0
Claudia Arjona,7,9,7,0
Rebecca DeMattia,7,11,7,0
Randall (Randy) Buck,7,24,7,0
Rachel DeVita,7,7,7,0
Jaime Devins,7,3,7,0
Tiana Minter,7,10,7,0
Nick Livingston,7,5,7,0
Ingrid Wass,7,11,7,0
Debra DelVecchio-Lee,7,20,7,0
Margarete Denk,7,15,7,0
Falaya DeSilva,7,10,7,0
Dr. Kristen Anderson,7,18,7,0
Chris Waters,7,15,7,0
Jordan Wyns,7,7,7,0
Candace Delis,7,4,6,1
Camille Burke,7,15,7,0
Nancy Shertok,7,30,7,0
Gabrielle Lisnoff,7,7,7,0
Erin Lofties,7,3,7,0
Toni Pharm,7,7,7,0
Sharon Phelan,7,3,7,0
Laura DiNunzio,7,20,6,1
Ann Leonard,7,15,7,0
Robert Bryant,7,30,7,0
Prof. Gretchen  Lewis,7,7,6,1
Cole Modlin,7,5,7,0
Christine Sanchez,7,6,7,0
Lindsay Lientz,7,24,7,0
Miguel Trujillo,7,6,7,0
Dr. Courtney Washington,7,10,7,0
Yanye Li,7,12,7,0
Johanna Sanchez,7,5,7,0
Laurie Lieberman,7,24,7,0
Heather Rashal,7,6,7,0
Dr. John Burke,7,14,7,0
Katie Sheets,7,6,7,0
Denise Bunner,7,23,7,0
Jackie Davis,7,10,7,0
Donielle Turner,7,16,7,0
Melissa Dawicki,7,13,7,0
Linda Burroughs,7,35,7,0
Ashley Davis,7,9,6,1
Melissa Davis,7,9,7,0
Dr. Thomas Davis,7,39,7,0
Cara Shanks,7,5,7,0
Jinan Amra,7,3,7,0
Ashley Daugherty,7,3,7,0
"Jim ""Flip"" San Filippo",7,18,7,0
Marcus Lusk,7,3,7,0
Jodi Luster,7,18,7,0
Andrea Plasko,7,10,7,0
Gail Amalfitano,7,6,7,0
Lacey Weber,7,6,6,1
Miguel  De la fuente,7,5,7,0
Isabel Sanchez Cummings,7,7,7,0
Tunisia London,7,20,7,0
Dr. Nadine Pierre-Louis,7,18,7,0
Dr. Annqunetta Mims,7,20,7,0
CHRISTINE (Tina) SHEEHY,7,25,7,0
Kim Rasmussen,7,32,7,0
Andrea VanGorder,7,6,7,0
Stephanie Lollis,7,6,6,1
Jennifer Long,7,4,7,0
Andrea Davis,7,4,7,0
Tim Webb,7,22,7,0
Dr. Janet Dean,7,20,6,1
Janie Parra-Salaz,7,8,7,0
Christina  Rallo Daniels,7,7,7,0
Sue De Santo,7,28,7,0
Kristina Schellie,7,31,7,0
Dr. & Mrs. Toni Warner,7,3,7,0
Tiffany Pallas,7,15,6,1
Morgan Smith,7,7,7,0
Shelly Ehmann,7,27,7,0
Morgan Grey,7,25,7,0
Liz LaBolt,7,7,7,0
Michael Slate,7,5,7,0
Krystal Brown,7,6,7,0
Jessica Otton,7,8,7,0
Zachary Ehrmann,7,8,7,0
Nate Wagner,7,3,7,0
Alexis Brown,7,3,7,0
Karen Krider,7,5,7,0
Tammy Wagstaff,7,19,7,0
Danielle Eaton,7,4,7,0
Jo-Ann Anstett,7,17,7,0
Dr. Vicki Lannerholm,7,11,7,0
Anne Wakefield,7,20,7,0
Jessica Roberts,7,11,7,0
Larry Laehn,7,22,7,0
Heidi Salonia,7,25,7,0
Jennifer Endries,7,8,7,0
Betsy Bateman,7,3,7,0
John Koffman,7,30,6,1
Traci Wachter,7,6,7,0
Raymell English,7,14,7,0
Dr. Jennifer Sweeton,7,8,7,0
Heather Engblom,7,4,7,0
Barbara Smith,7,20,7,0
Christine Oswald,7,3,7,0
Mallorie Ely,7,6,7,0
Jean Ellison,7,40,6,1
Jessica Kowalski,7,3,7,0
Juan Ortiz,7,3,7,0
Dr. Zoe Minor Johnson,7,16,7,0
Michaela Kozlik,7,10,7,0
Fidji Durosel,7,13,7,0
Lisa Simpson,7,10,7,0
Dr. & Mrs. Chelsey Ragas,7,5,6,1
Bar Lehmann,7,6,7,0
Jennifer Andrews-Burke,7,15,7,0
Roy Buggee,7,25,7,0
Robert Bryan,7,3,6,1
Corey Dossey,7,3,7,0
Amy Leeds,7,4,7,0
Veronna Dizon,7,18,7,0
Misty Walsh,7,12,7,0
Layne Mitchell,7,3,7,0
Phyllis Leverett,7,11,7,0
Dr. Colby Walters,7,5,7,0
Kimberly Donihue,7,16,7,0
Carolina  Palacios,7,12,7,0
Dr. Nicole Donato,7,11,7,0
Marsha Dillard,7,3,7,0
Nicole Starr,7,16,7,0
Laura Leatherman,7,8,7,0
Dr. Louise Mitsianis,7,15,7,0
Kristen Simons,7,4,7,0
Patricia  Montanari,7,10,7,0
Rhonda Oxley,7,7,7,0
Jimmy Monaghan,7,10,7,0
Elana Dunn,7,22,7,0
Nathan Duff,7,15,7,0
Dr. Sarah Dunlap,7,12,7,0
Robeena  Walker,7,10,6,1
Michelle Drake-Mermea,7,15,7,0
Lindsey Duncan,7,5,7,0
Merle  Montalvo,7,20,7,0
Fran Duane,7,20,6,1
Nicole Du Mont,7,11,7,0
Carrie Le Blanc,7,13,7,0
Rebecca  Leader,7,15,7,0
KARI MACKNEER,7,18,7,0
Colby Wittenberg,7,14,7,0
Debbie Pierce,7,27,7,0
Noah Rector,7,12,7,0
Molly Carpenter,7,15,7,0
Lynda  Carpenter,7,4,7,0
Rachael Schipp,7,4,7,0
Marie Egeland,7,30,7,0
Molly Duncan,7,5,7,0
Courtney Clark,7,8,7,0
Dawn Schierl,7,15,7,0
Danielle Allen,7,15,7,0
Azizah McEntire,7,10,7,0
Adam Clark,7,6,7,0
Norma Clark,7,9,7,0
Alison  Roark,7,10,7,0
Thomas Clapp,7,3,6,1
Alyssa Mesenbring,7,4,7,0
Annita Coburn,7,3,7,0
Claudine Clarke,7,10,7,0
Amanda Ciluffo,7,19,7,0
Amy Schneider,7,11,7,0
Dr. Deadra Clewell,7,23,7,0
Patti Williams,7,17,7,0
Kristy Schneider,7,15,6,1
Heather Meyer,7,6,7,0
Vanessa Cleere,7,3,7,0
Diane Cleary,7,27,7,0
Jeremy McCall,7,8,6,1
Andrea Schmidt,7,15,7,0
Nancy Recalde,7,25,5,2
Kristilee (Kristi) Cappaert,7,5,7,0
Lisa Savinon,7,13,7,0
Honie Abramowicz,7,22,7,0
Jacqueline Woods,7,5,7,0
Barry Winley,7,14,7,0
Jacquie McCue,7,6,7,0
Nancy Chin,7,22,7,0
Debra Miller,7,22,7,0
Kristin McNeese,7,7,7,0
Colette McLeod,7,6,7,0
Steven Sanfilippo,7,8,7,0
Jennifer Chambless,7,8,7,0
Gayle Reed,7,3,7,0
Tashia Chambers,7,5,6,1
Amanda Carter,7,16,7,0
Laura Scales,7,5,7,0
Sara Wolf,7,15,7,0
Dr. Jennie Cassidy,7,29,6,1
Maria Abada,7,12,7,0
Rachael Melvin,7,3,7,0
Erica Lee,7,4,7,0
Marilyn Caylor,7,4,7,0
Denise Wilson,7,3,7,0
Emily Adler,7,3,7,0
Laura Philpott,7,3,6,1
Berekat Petros,7,8,7,0
Lisa Redfearn,7,20,7,0
Angela Cianchetta,7,8,6,1
Angela McGowan,7,18,6,1
Jillian Sarandrea,7,8,7,0
Mariah Williams,7,5,7,0
Ashley  Mcguffee,7,17,7,0
Lakeiya Cherry,7,13,7,0
Petrovnia McIntosh,7,9,7,0
John-Paul Carroll,7,5,7,0
Kylie McCormick,7,8,7,0
Shelby Wilson,7,3,7,0
Courtney Chott,7,5,7,0
Kelsey Schad,7,3,7,0
Christina Roy,7,6,7,0
Erika Chawla,7,14,7,0
Sarah Clode,7,3,6,1
Jannine Cullen-Reo,7,12,7,0
Dr. Jenna Meyerberg,7,6,7,0
Jamye Manigault,7,9,6,1
Kelsey Crowe,7,10,7,0
Venita Alston,7,6,7,0
Brooke Crosley,7,10,7,0
Dr. Jeffrey Mandelkorn,7,3,7,0
Terry Wester,7,8,7,0
Camille  Woods,7,7,6,1
Donna Mann,7,16,7,0
Tashinika Crowley,7,8,6,1
Cheryl Pickering,7,20,7,0
Susan Wismer,7,8,7,0
Corinne Wisecup,7,15,7,0
Kerrin Morley,7,18,7,0
Lynnette Craig,7,8,7,0
Tim Whetzel,7,18,7,0
Shelby Alsup,7,5,7,0
April West,7,18,7,0
Rose Maturo,7,30,6,1
Deborah Butler,7,11,7,0
Guerline Seraphin,7,15,7,0
Victoria Serrano,7,30,7,0
Michelle Weltzin-Trainer,7,12,7,0
Brooke Magee,7,9,7,0
Kendra Witherspoon,7,5,7,0
Kathleen Dale,7,34,7,0
Jennifer Mieszala,7,20,7,0
India Witherington,7,3,7,0
Timothy Curtis,7,5,7,0
Matthew Semanision,7,9,7,0
Rebecca Coursey,7,25,7,0
Sarah Jane Peters,7,3,7,0
Anila Malik,7,31,7,0
Dr. Lori Malkasian,7,20,6,1
Emily Alexander,7,5,7,0
Leticeia Scott,7,12,7,0
Mayá Cox,7,11,7,0
Sylvia Akingbade,7,7,7,0
Dr. Shantisse Mason,7,20,7,0
Annie Adams-Roselle,7,8,7,0
Dr. Damaris Conrad,7,24,7,0
Tricia Saviano,7,13,7,0
Ashley Whitfield,7,7,7,0
Sharon  Wilburn,7,17,7,0
"Catherine Mather-Colcernian, M.A. LPC",7,17,7,0
Adrianne Robertson,7,11,7,0
Rosalyn Collins,7,21,7,0
Jamie Matthews,7,15,7,0
Katie Collins,7,14,7,0
Dr. Bradford Meyers,7,9,7,0
Peggy Wilson,7,20,7,0
Caroline Schratz,7,3,7,0
Stacey Martwinski-Nardozzi,7,11,7,0
Joanna Martorelli,7,11,7,0
Jacqueline Adamson,7,16,7,0
Karen Wietzel,7,5,7,0
Gretchen Wiltbank,7,7,6,1
Amanda Campbell,7,13,7,0
Liza Marks,7,9,7,0
Alecia Corbett,7,6,7,0
Dr. Becky Winton,7,22,7,0
Lily Pavone,7,3,7,0
Andrea Scott,7,7,6,1
Liesal Miller,7,13,6,1
Tivona Perry,7,6,7,0
Robyn  Martin,7,20,7,0
Susan Martin,7,13,7,0
Cynthia Cox,7,4,7,0
Simon Camarillo,7,3,7,0
Luz Estrella,7,6,6,1
Kelsey Haymond,7,6,7,0
Kevin Young,7,12,7,0
Felicia Ponce,7,10,6,1
Bianca  Martinez,7,3,7,0
Dr. Annette Riddle,7,20,7,0
Melissa Moreno,7,3,7,0
David Foreit,7,35,7,0
Rachel Babiskin,7,20,7,0
Megan Braun,7,5,7,0
Laura Zabel,7,8,5,2
Regina Poole,7,9,7,0
Jason Frazier,7,6,7,0
William Keeler,7,7,7,0
Paula Odom,7,6,7,0
Jean Frank,7,10,7,0
Shelly Foster,7,11,7,0
Shannon Morgan,7,3,7,0
Cathy Foster,7,14,7,0
Edward Keane,7,3,7,0
Tracie Strabel,7,18,7,0
Madelline Zaiter,7,3,6,1
Shell  Freeman,7,5,6,1
Jamie Gray,7,12,6,1
Heidi Riddle,7,9,7,0
Pamela Frieden,7,20,7,0
Carly Stevens,7,7,7,0
Aaron Brakhane,7,7,7,0
Sherri Joswiak,7,15,7,0
Candace Fritts,7,9,7,0
Tiffanie Turner,7,8,7,0
Dr. David Yudis,7,20,7,0
John Briggs,7,6,7,0
Dana Baldwin,7,21,7,0
Amanda Brechko,7,10,7,0
Jennifer Feldman,7,11,7,0
Kathryn Upton,7,10,7,0
Linda Young,7,24,6,1
Dr. Hollie King,7,17,7,0
Sheila Brittain,7,6,7,0
Dr. Lee Keyes,7,29,5,2
Tracy Kessler,7,3,7,0
Monica Olsen,7,21,7,0
Lisa Fix,7,33,6,1
Monica Smith,7,14,7,0
Jennifer Kennedy,7,20,7,0
Barbara Oliveri,7,6,7,0
Victoria Fleming,7,11,7,0
Krystal  Kershaw,7,3,7,0
Terriee Smith,7,8,7,0
Lizelle Fischer,7,7,7,0
Elizabeth Racanelli,7,21,7,0
Kim Ridley,7,10,7,0
Hope Flositz,7,8,7,0
Angela Oliver,7,10,7,0
Brittany Sager-Heinrichs,7,4,6,1
Pontress  Bailey,7,7,7,0
Daryl Flink,7,4,7,0
Stacey Floyd,7,8,7,0
Ann Brooks,7,8,7,0
Dr. Melissa Valentina,7,15,7,0
Kathy Kent,7,24,7,0
Tiffany Turner,7,10,6,1
Melissa Potvin,7,12,7,0
Pamela Vasquez,7,6,7,0
Ashley  Travers,7,10,7,0
Alicia Nunn,7,10,7,0
Dr. Stephanie Zeid,7,8,7,0
Diana Jiorle,7,4,7,0
Cristal Jenkins,7,5,7,0
Elizabeth Romska,7,10,7,0
Tolaya Geredine,7,5,7,0
Phillip Barker,7,3,7,0
Jack Gershfeld,7,6,6,1
Stephanie Trahant,7,10,7,0
Ellen Rondino,7,3,7,0
Sara Boykan,7,9,7,0
Susan  Jarvis,7,23,6,1
Audrey Gilliatt,7,16,7,0
Courtney Baron,7,8,7,0
Lori Stalcar,7,3,7,0
Laura Gibson,7,10,7,0
Lisa Barras,7,3,7,0
Jamie Star de Anda,7,10,7,0
Elizabeth Barraza,7,7,6,1
Susan Barrett,7,18,6,1
Bryan Roper,7,3,7,0
Candace Starks,7,19,7,0
Nicole Giron,7,10,7,0
Holly Starr,7,25,7,0
Deborah Jackson,7,15,7,0
Christine Gigena,7,15,7,0
Jammie Starr,7,7,7,0
Nancy Truett,7,23,7,0
Amy Stafford,7,3,7,0
Dr. Leslie Wright,7,6,7,0
Denise Jensen,7,16,5,2
Carrie Fuller,7,18,7,0
Suzanne Towne,7,15,7,0
Tavares Bostic,7,10,7,0
Katina Jones,7,14,7,0
Dr. Harold Jonas,7,28,6,1
Dr. Titus Tucker,7,15,6,1
Kelly Jones,7,3,6,1
Rachel Hamilton,7,15,7,0
Hannah Bradley,7,3,6,1
Sepideh Pourhassani,7,6,7,0
Brian Johnson,7,33,7,0
Maria Garcia,7,10,7,0
Jamie Preuss,7,9,7,0
Angel Johnson,7,10,7,0
Sheila Funk-Jansen,7,25,7,0
Marilyn Williams,7,3,7,0
Daniele Trevathan,7,15,7,0
Dr. Wendy Boring-Bray,7,8,7,0
Erin Johnson,7,10,7,0
Shealin Johnson,7,3,7,0
Marisol Garza,7,6,7,0
Lisa Moses,7,25,7,0
LeAnne Garland,7,13,7,0
Christine Garnett,7,8,6,1
Chermora Johnson,7,4,7,0
Shanika Torres,7,6,7,0
Kori Connole-Walker,7,3,7,0
Zafar Khan,7,5,7,0
Alessandra Baird,7,11,7,0
Sydney Erskine,7,20,7,0
Leah Ernste,7,6,7,0
Cheryl Van Dyke,7,20,7,0
Jessica Young,7,11,7,0
Stephanie  Orellana,7,5,7,0
Kevin Brown,7,8,7,0
Erin Klein,7,10,7,0
Nina Smalls,7,6,7,0
Katrina Brown,7,8,7,0
Kim Yeagle,7,29,7,0
Evalee Smith,7,20,7,0
Jen Korner,7,4,7,0
Amy Kline,7,15,7,0
Yvonne Smith,7,3,6,1
Kenneth Brewington,7,18,7,0
Shelia Kirksey,7,15,7,0
Allyson Klein,7,23,7,0
Jason Smith,7,12,7,0
Trinity  Saldana,7,3,7,0
Sean Erno,7,15,7,0
Dr. Kylie Rogalla,7,12,7,0
Nicole Everitt,7,18,7,0
Amy Breza,7,4,7,0
Kathleen  Ries,7,10,7,0
Tori Mora,7,18,7,0
Susan  Klebanoff-Taylor,7,6,7,0
Dr. Cristina Aubrey-Gutman,7,13,7,0
Donald Kopnicky,7,32,5,2
Sarita Favers,7,12,7,0
LaToya  Kinnard,7,14,7,0
Kristen Epperson (Warden),7,21,7,0
Dr. Rose Fernandez,7,15,7,0
Harriet Lamb,6,24,6,0
Dr. David Shapiro,6,20,6,0
Laurel Santos,6,5,6,0
Jessica Perkins,6,11,6,0
Jetona Milby,6,12,6,0
Rachelle Adams,6,9,6,0
Joyce Mayne,6,3,6,0
Dr. Lisa McClure,6,20,6,0
Jason Reasor,6,3,6,0
Elisabeth Montgomery,6,3,6,0
Amanda Russo,6,4,6,0
Erica Helzer,6,20,6,0
Randiesa Spires,6,10,6,0
Carrie Hillebrandt,6,13,6,0
Alice McCarter,6,14,5,1
Tricia Johnson,6,6,6,0
Yoshiko Hill-Thurman,6,19,6,0
Natalie Kramer,6,4,6,0
Mahroo Moshari,6,20,6,0
Amanda Barlow,6,13,6,0
Robin Johnson,6,6,6,0
Season Apple,6,10,6,0
Laura Johnson,6,5,6,0
Mandy Knight,6,6,6,0
Claire Slater,6,9,6,0
Kristina Staack,6,6,6,0
Adam Johnson,6,3,6,0
Deborah Hilyard,6,30,6,0
Kelli Schow,6,11,6,0
Dr. Lisa Miller,6,6,6,0
Pam Skon,6,7,6,0
Faith Schweiger,6,25,5,1
Ana Hinshaw,6,8,6,0
Claudia Ribas,6,18,6,0
Pamelia Sublett,6,12,6,0
Jodi Weisberger,6,21,6,0
Efuntomiwa Adedeji,6,6,6,0
Busola Adegunwa,6,7,6,0
Denise Hirsch,6,7,6,0
Anton Jones,6,5,6,0
Rebecca Johnson,6,12,6,0
Nicole Sallee,6,8,6,0
Gina Mumey,6,6,6,0
Ashley Smith,6,12,6,0
Shannon Knight,6,9,6,0
Rebecca Martin,6,8,6,0
Courtney Scott,6,3,6,0
Dr. Michele Balthrope,6,32,6,0
Amanda Lane,6,6,6,0
Jacqueline Jones,6,26,6,0
Debra Schwarze,6,25,6,0
LaQuita  Jones,6,6,6,0
Teresa Adamson,6,7,6,0
Vivian Ireton,6,9,6,0
Jennifer Stein,6,20,6,0
Mitch Mueller,6,3,6,0
Colleen Adams,6,11,6,0
Shavon Meyers,6,4,6,0
Melanie  Bannish,6,24,6,0
Joni Hine,6,5,6,0
Atiya Moore,6,10,6,0
Alissa Knight,6,3,6,0
Teressa Mathurin,6,15,6,0
Audrey Schoen,6,8,6,0
Dr. Woodruff Johnson,6,26,6,0
Kristina Bell,6,10,6,0
Alice Aronson,6,30,6,0
Alicia Murray,6,5,6,0
Donna Miller,6,20,6,0
Katy Kong,6,10,6,0
Jeanni Johnson-Green,6,8,6,0
Natasha Moseng,6,3,5,1
Kelly Remington,6,15,6,0
Syrian McConnico,6,10,6,0
Anet  Khechoumian,6,8,6,0
Ashley Knoll,6,4,6,0
Kyrie Adams,6,13,6,0
Heather Scarbrough,6,7,6,0
Melanie Stauffer,6,4,6,0
Holly Abbott,6,10,6,0
Dennis Kuik,6,30,6,0
Roberta McKnight-Dupas,6,6,6,0
Nicole Merhaut,6,7,6,0
Rodney Chapman,6,3,6,0
James Rusk,6,16,6,0
Dana Moore,6,10,5,1
Danya McKinney,6,4,6,0
Stephanie Hayslett,6,10,6,0
Dr. Lori Ben-Ezra,6,25,6,0
Jeannie James,6,12,6,0
Dr. & Mrs. Tameka Russ-Codling,6,20,6,0
Fabiola Jamieson,6,12,6,0
Kendra McKee,6,7,6,0
Andrea Janczyk,6,3,6,0
Shayna Schaefer,6,22,6,0
Megan McKee,6,5,6,0
Leasa Medina,6,6,6,0
Christopher Collins,6,5,6,0
Christina Kohfield,6,3,6,0
Steven Fugle,6,10,6,0
Rev. Gerry Hearn,6,3,6,0
Laurel Anne Jacobs,6,6,6,0
Sheryl  Smith,6,15,6,0
Missy Heath,6,22,6,0
Robert Radaz,6,25,6,0
Terry Driskill,6,3,6,0
Cory Sasloglou,6,3,6,0
Adam Moore,6,6,6,0
Cassandra Aamodt,6,3,6,0
Stephanie Barshay,6,15,6,0
Eunice  Melakayil,6,5,6,0
Krina Adhikari,6,4,6,0
Mandy Jacquez,6,8,6,0
Mery Atick,6,3,5,1
Rachel Mehia,6,3,5,1
Dawn Mehalakis,6,10,5,1
Carrie Mega,6,16,6,0
Julie Korotkin,6,20,6,0
Margie McKee,6,25,6,0
Jennifer Rich,6,35,6,0
Christina Lacey,6,3,6,0
Courtney Kozarian,6,5,6,0
Dr. Mary Nedela,6,10,6,0
Ayonna McCullough,6,7,6,0
Dena Henry,6,10,6,0
Shamona McFadden,6,11,6,0
Ryan McCrea,6,15,6,0
April McEvoy-Alvarez,6,3,6,0
Giovanna  Agostinelli,6,4,6,0
Anna (Kate) Smart,6,11,6,0
Cory Russell,6,8,6,0
Tameka McFarland,6,3,6,0
Jamie Saley,6,3,6,0
Chandra Smalley,6,3,5,1
Amber Jones,6,4,6,0
Jaime Barilla,6,13,6,0
Aliah  Mestrovich Seay,6,5,6,0
Todd Motoyama,6,15,6,0
Mary Hellstrom,6,3,6,0
Casie Vargson,6,6,6,0
Kimberly  Jeluso,6,20,6,0
Siobhan McCullough,6,11,6,0
Edward Korn,6,18,6,0
Dr. Katherine McGrady,6,3,6,0
Lisa McIntosh,6,19,6,0
Dr. Tracii Kunkel,6,20,6,0
Allison Kacmar,6,4,6,0
Michelle Asby,6,8,6,0
Regina Moyo,6,20,6,0
Hayley Schapiro,6,6,6,0
Peggy Bayless,6,6,6,0
Dr. Christina McGrath Fair,6,14,6,0
Lisa Sweeney,6,3,6,0
Angela  Ellison,6,3,6,0
David Kurfman,6,35,6,0
Kevin Barnett,6,3,6,0
Ellen Scherr,6,15,6,0
Amoreena Berg,6,18,6,0
Jenae  Heitkamp,6,18,6,0
Emil Jech,6,40,6,0
Charles Radican,6,16,6,0
Linda Smiley,6,7,6,0
Heather Aldridge,6,5,6,0
Leroy Jones,6,41,6,0
Robin Rutan,6,20,6,0
Laura Kintner,6,3,6,0
Rebecca Simmerman,6,15,6,0
Charnell Smith-Akpassa,6,20,6,0
Mary  McCabe,6,6,5,1
Dr. Maxine Notice,6,8,6,0
Micah Nagel,6,9,6,0
Julia Smith,6,30,6,0
Jessica Vann,6,3,6,0
Ashley Morana,6,5,6,0
Lisa Leadbetter,6,7,6,0
Stephanie Stoneman,6,16,5,1
Rachel Hofer,6,11,6,0
Alondra Anderson,6,5,6,0
Natasha Strickland,6,11,6,0
Alison Murphy,6,7,6,0
Quinton Smith,6,4,6,0
Rev. Samuel Salazar,6,20,6,0
Dr. Kimberly  Smith,6,12,6,0
Ellen Minter,6,3,6,0
Penni Mitchell,6,30,6,0
"Lee ""Christopher"" Lawver",6,18,6,0
Kathy Kelly,6,38,6,0
Willow Arlenea,6,25,6,0
Pamela Killen,6,30,6,0
Dr. Kristy Becraft,6,16,6,0
Katherine Snyder,6,14,6,0
Joy Wolf,6,3,6,0
Faith Sanders,6,6,6,0
Cassandra  Lawrence,6,4,6,0
Mary  Rabon,6,25,6,0
Miguel  Lopez,6,3,6,0
Kyrie Salters,6,3,6,0
Dr. Julie Moreno,6,10,6,0
Sara Lopes,6,6,6,0
Jackie Holmes,6,10,6,0
Kristen Kathrein,6,3,6,0
Seth Monaco,6,9,6,0
Francisco Almagro,6,25,6,0
Morgan Ikeorha,6,3,6,0
Mark Kaufman,6,3,6,0
Erica Keller,6,4,6,0
Caryn Kelley,6,8,6,0
Jessica  Kelly,6,3,6,0
Lesli Mitchell,6,7,6,0
Nickie Huss,6,13,6,0
Janita Randolph,6,3,6,0
Wendy Mitchell,6,10,6,0
Anthony Beard,6,5,6,0
Meschelle King,6,4,6,0
Deb Levy,6,20,6,0
Dr. Lourdes Araujo,6,15,6,0
Michelle Missel,6,18,6,0
Deborah Levinson,6,25,6,0
Toni Autrey,6,3,5,1
Dan Bray,6,30,6,0
Jessica Beane,6,6,6,0
Marcel San Pedro,6,4,6,0
Christy Siemons,6,8,6,0
Rebecca Ramsay,6,5,6,0
Delseta  Robinson,6,20,6,0
Bethany Andrews,6,10,6,0
Anne Leggett,6,15,6,0
Brandelyn  Smith,6,9,6,0
Jessicca Shumard,6,15,6,0
Janean Francis,6,14,6,0
Nikita Arias,6,6,6,0
Whitney Leon,6,5,6,0
Jessica Mitchell,6,6,6,0
Jaronda Lige,6,15,6,0
Nicole Beck,6,17,6,0
Barbara Ramos-Cryer,6,3,6,0
Joanne Shi,6,4,6,0
Caitlin Holm,6,6,6,0
Jennifer Shields,6,10,6,0
Koyt Kifer,6,9,6,0
Sheila Henderson,6,20,6,0
Leonore Licht-Miller,6,30,6,0
Kelly King-Holliday,6,4,5,1
Dr. Michell Temple,6,12,6,0
Bianca Lee,6,8,6,0
Bridget Kiefaber,6,7,6,0
Katy Siler,6,8,6,0
Amanda Lee,6,8,6,0
Nicole Kindler,6,5,6,0
Elvia Avitia,6,7,6,0
Michella Rahming,6,3,6,0
Shannon Shore,6,10,5,1
Beverley Andre,6,3,6,0
Lisa Reidsema,6,6,6,0
Dr. Dustin Shaver,6,10,6,0
Christina Sanders,6,8,6,0
Denise Muse,6,20,6,0
Dr. Yvonne Quintanilla,6,20,6,0
Rabiia Ali,6,3,5,1
Chioma Moronu,6,7,6,0
Candice Alig,6,5,6,0
Bola  Alimi,6,5,6,0
Justin Laprise,6,3,6,0
Jessica Mangan,6,15,6,0
Crystal Moon,6,8,6,0
Polly Mortensen,6,21,6,0
Sophilia Lark,6,11,6,0
Dr. Gabriela Mancini,6,10,6,0
Brian Simpson,6,31,6,0
Lauren Komp,6,7,6,0
Dana Juarez,6,3,6,0
Kathryn Beccaria,6,9,6,0
Shirley Ankrom-Smith,6,15,6,0
Audra Jungnitsch,6,7,6,0
Omar Reyes,6,17,6,0
Kristen Jurgenson,6,3,6,0
Briana Jurrema,6,6,6,0
Leslie Morris,6,42,6,0
Cayron Mann,6,5,6,0
Susanne Sanders,6,15,6,0
Katie Rutland,6,7,6,0
Lynette Belknap-Williams,6,9,6,0
Emily Kitchen,6,3,6,0
Kathy Rubendall,6,30,6,0
Lois Goudeau,6,6,6,0
Amy Stoup,6,20,6,0
Dr. Kaleb Singleton,6,3,6,0
Carol Ballenger,6,11,6,0
Rima Mickus,6,13,6,0
Natalie Jones,6,14,6,0
Shamika Scott-Carson,6,18,6,0
Shawnna Punteney,6,19,6,0
Carla Ingeborg,6,8,6,0
Rachel Marshall,6,5,6,0
Hali Seaney,6,5,6,0
Mary Ballard,6,14,6,0
Samantha Belfon,6,13,6,0
Cathy Mara,6,6,6,0
Yvette Spears,6,9,6,0
Allison  Hewitt,6,10,6,0
Daisy Ramirez,6,11,6,0
Nerissa Pratt,6,15,6,0
Heather Midgley,6,7,6,0
Barbara Kolb,6,15,6,0
Laurie Reisman,6,3,6,0
Angela Weaver,6,3,6,0
Yvette Ramirez,6,5,6,0
Bethany Lukban,6,16,6,0
Kenethia Morgan,6,6,6,0
Brooke Herrmann,6,6,6,0
Heather Luhmann,6,10,6,0
Peter Baertschy,6,52,6,0
Chelsea Luebbert,6,6,6,0
Nusrat Karim,6,5,6,0
Julia Murphy,6,3,6,0
Steven Ramage,6,3,6,0
Cathy Sharp,6,10,6,0
Virginia Moreno,6,6,6,0
Victoria  Lathos,6,23,5,1
Jessica Lowe,6,16,6,0
Terri Keener,6,16,6,0
Danielle  High,6,8,6,0
Catherine Lovern,6,7,6,0
LaVerne Kalafor,6,38,6,0
Amanda Ly,6,6,6,0
Rachael  Lyons,6,8,6,0
Dr. Barbara Bachmeier,6,20,6,0
Keionna Baker,6,3,6,0
Anna Gray Baker,6,5,6,0
Beth Kaufman,6,6,6,0
Beau Laviolette,6,10,6,0
David Alvarez,6,5,6,0
Josh Larson,6,4,6,0
Lisa Salopek,6,30,6,0
Dr. Arthur Magana,6,26,6,0
Dr. Karen Kearby,6,5,6,0
Spider Murphy-Taylor,6,3,6,0
Linda Allen,6,3,6,0
"Cynthia ""Cindy""  Milas",6,26,6,0
Charrisse Somme,6,10,6,0
Paula Moore,6,4,6,0
Turkessa Allen,6,3,5,1
Melissa Solomon-Craft,6,5,5,1
Krystal Ashling,6,30,6,0
Kayla Mach,6,10,6,0
Dr. Clarence Merckerson,6,14,6,0
Muriel  Medina,6,9,6,0
Dr. Vanessa English,6,9,6,0
Kendra O'Berry,6,3,6,0
Kadie Bourgoin,6,8,6,0
Brenda Canada,6,5,6,0
Elizabeth Bourne,6,20,6,0
Abigail Garcia-Garwicki,6,8,6,0
Michael Bradford,6,15,6,0
Chester Campbell,6,17,5,1
Andrea Garcia,6,5,6,0
Dr. Victor Tuazon,6,10,6,0
Allison Trevino,6,4,6,0
Tomeka Gantt,6,20,6,0
Christina  Cooper,6,8,6,0
Anna Bourne,6,12,5,1
Vaneka Campbell,6,16,6,0
Kristin Widolff,6,5,6,0
Kevin Bosin,6,3,6,0
Catherine Gallagher,6,6,5,1
Dr. Jennifer Roberts,6,25,6,0
Shaneeka Roberts,6,5,6,0
Kelly Borghi,6,5,6,0
Kelly Conlon,6,6,6,0
Michael Trepeck,6,20,6,0
Dr. Megan Garzaglass,6,7,6,0
Michael Porterfield,6,3,6,0
Jacqualine Truitt,6,30,6,0
Bob Zima,6,15,5,1
Dr. Dora Whiteside,6,16,5,1
Brittany Garrod,6,6,6,0
Victoria Torres,6,6,6,0
Gretchen Geisel,6,9,6,0
Katherine Treadway,6,3,6,0
Sherry Condell,6,15,6,0
Rev. Jessica Conti,6,15,6,0
Amanda Garrick,6,17,6,0
Susan Garner,6,18,6,0
Katina Boulai,6,10,6,0
Dr. Ashley Bordelon,6,3,5,1
Katrina  Whitehead,6,3,6,0
Dr. Edythe Bouldin,6,7,6,0
Greg  Cook,6,6,6,0
Audra Tucker,6,10,6,0
Dr. Heather Bryant,6,16,6,0
Jason Vandewater,6,15,6,0
Dr. Elizabeth Franklin,6,15,6,0
Candace Franks,6,3,6,0
Jennifer Woodruff,6,5,6,0
Kassandra Hauptmann,6,5,6,0
Ginnie Porembski,6,14,6,0
Joan Cremins,6,30,6,0
Mary  Cassandra Foster,6,20,6,0
Melissa Cribari,6,15,5,1
Candice Crawford,6,6,6,0
Jeana Foster,6,20,6,0
Charisse Cameron,6,8,6,0
Dr. Krystal Pope,6,7,6,0
Wayne Crooks,6,21,5,1
Keisha Moore,6,8,6,0
Ashley Frazier,6,10,6,0
Ivy Ofori,6,8,5,1
Annie Forsyth,6,21,6,0
Lisa  Forsman,6,10,6,0
Emily Fox,6,21,6,0
Danielle Turner,6,6,5,1
Keisha Trotman,6,10,6,0
Gabrielle Freire,6,14,6,0
Shannon Brandes,6,6,6,0
Dr. Emily Gale,6,8,5,1
Joanne  (Jodi) Cowart,6,30,6,0
Megan Bousquet,6,16,6,0
Laura Whitcomb,6,5,6,0
LaCheryl Tucker-Harkins,6,10,6,0
Kellyanne Brady,6,6,5,1
Melissa Gagliardi,6,5,6,0
Laura Placek,6,20,6,0
Nicole Calvento,6,5,6,0
La'Trina  O'Neal,6,25,6,0
Sheika Cox-Bey,6,15,6,0
Chris Costello,6,34,6,0
Niesha  Turner,6,18,6,0
Wendy Friedman,6,12,6,0
Cathy Bottrell,6,20,6,0
Marie Turner,6,17,6,0
Stella White,6,15,6,0
Janine Geida,6,24,6,0
Mary Boyle,6,26,6,0
Taylora Bookie,6,3,6,0
Mildred Tillman,6,9,6,0
Elyse Bloch,6,18,6,0
Shonta Williams,6,16,6,0
LaTasha Thomas,6,5,6,0
Mike Robb,6,7,5,1
Mitchell Blocker,6,20,6,0
Joyce Clark Reid,6,40,6,0
Alysia Griesheimer,6,5,6,0
Jamie Bogner,6,3,6,0
Angela  Nix,6,7,6,0
Deborah Gershanok,6,34,6,0
Allyson Timmons,6,8,6,0
Eva Goode,6,3,6,0
Tarrant  Graham,6,19,6,0
Wiley Pittman,6,3,6,0
Enrica Thomas,6,15,6,0
Fabian Clavijo,6,9,6,0
Christy Clavio,6,10,6,0
Lynn Cohen,6,25,6,0
Adrienne Cardinale,6,8,6,0
Jodi Rosen,6,20,6,0
David Nieman,6,3,6,0
Angelie Greene,6,9,6,0
Crista  Nezhni,6,3,6,0
Mary Ng-Tedjasukmana,6,15,6,0
Julie Groover,6,10,6,0
Andrea Shipley,6,7,6,0
Bonnie Richardson,6,3,6,0
Mallory Ciliberti,6,6,6,0
Alexandra Cimpan,6,6,6,0
Angelina Graziosi,6,13,6,0
Katie Grodin,6,8,6,0
Jessica Thomas,6,6,5,1
Julie Thomas,6,23,6,0
Kelly Greer,6,12,6,0
Summer-Leigh Post,6,3,6,0
Dr. Peggy Brewer Dowling,6,15,6,0
Jennifer Wolman,6,10,6,0
Dr. Michell Greenidge,6,8,6,0
Cara Greene,6,30,6,0
Susan Boklaga,6,23,6,0
Stephanie Blum,6,7,5,1
Danae Gordeuk,6,4,6,0
Lauren Northrup,6,6,6,0
Kenneth Givings,6,14,6,0
Katherine Bonham,6,4,6,0
Sherrie Pitts-Johnson,6,21,6,0
Albert Thrower,6,6,6,0
Donlarae Richardson,6,5,6,0
LAUREL COLLINS,6,6,6,0
Leanne Gip,6,20,6,0
Catrin Glynn,6,27,6,0
Ronald Columbo,6,30,6,0
Marisa  Zimmerman,6,13,6,0
Kevin Peterca,6,32,5,1
Charlotte Gibbons,6,20,6,0
Jacqueline Gibb,6,9,5,1
Maranda Conner,6,7,6,0
Vanessa Boykewich,6,10,6,0
Anne Combs,6,40,6,0
Elizabeth Toporas,6,20,6,0
Terry Thorpe,6,18,6,0
Robbin Gilbreath,6,3,6,0
Lisa Richardson,6,9,6,0
Schliqua Thompson,6,8,6,0
Kimberly Zueter,6,3,6,0
Andrew Robbins,6,7,6,0
Dr. Jessica Goodman,6,12,6,0
Dr. Ana Gouvea,6,3,6,0
Fayth Risso,6,3,6,0
Aislin Boler,6,3,6,0
Renee Goughler,6,5,6,0
Lillian Goodkind,6,5,6,0
Dr. Karen Gongola,6,15,6,0
Emily Normand,6,3,6,0
Douglas Glen,6,10,6,0
Cortina Peters,6,11,6,0
Tahzeeb Gillani,6,3,6,0
Melanie Blaikie,6,22,6,0
Jen Coleman,6,5,6,0
Rebecca  Goldsborough - Marshall,6,4,6,0
Taylen Gilden,6,3,6,0
Cynthia Yzaguirre,6,17,6,0
Adam Oldham,6,5,6,0
Nicole Tedesco,6,8,6,0
Jennifer Waters,6,10,6,0
William Dwinnells,6,20,6,0
Dr. Warren Roby,6,5,6,0
Jennifer Wright,6,10,6,0
Kelly Owens,6,7,6,0
Dr. Lezlee Dupoux,6,23,6,0
Jody Youmans,6,17,6,0
Lindsey  Walburn,6,5,6,0
Harmony Dunning,6,5,6,0
Andy Duffy,6,8,6,0
Anne York,6,5,6,0
Margaret Dunn,6,10,6,0
Sharon Wright,6,3,5,1
Alisha Pike,6,16,6,0
Amanda Dunn,6,5,6,0
Colleen Duncan,6,11,6,0
Candice Rodriguez,6,9,6,0
Danita Duncan,6,3,6,0
TerryAnn Dumyahn,6,30,6,0
Molly Brumagin,6,6,6,0
Jacob Price,6,10,6,0
Kevin Brugman,6,16,6,0
Dr. Stephanie Waitt,6,12,6,0
Mary Webb-Tafoya,6,12,6,0
Andrew Davis,6,17,6,0
Laura Ellington,6,20,6,0
Dr. Heidi Edmunds,6,15,6,0
Nila Pate,6,3,6,0
Andrea Deases,6,4,6,0
Cassandra Edinger,6,5,6,0
Nadine Eiring,6,3,6,0
Leigh Burnett,6,5,6,0
Leigh Wayna,6,16,6,0
Lesley  Eckhardt,6,27,6,0
Laurence Ouellette,6,20,6,0
Matthew Volker,6,6,6,0
Ariel Eaton,6,12,6,0
Dr. Jillian DeGroot,6,8,6,0
Natalie DeJarnette,6,4,6,0
Sabrina Eads,6,8,6,0
Dr. Leah Walker,6,24,6,0
Dr. Shanna Drinkwine,6,4,5,1
Krisha Uden,6,23,6,0
Jessica Xiong,6,5,6,0
Adrienne Parker,6,7,6,0
Christian Dopico,6,4,5,1
Elizabeth Walser,6,8,5,1
Michele Lescard,6,10,6,0
Rebecca Burda,6,4,6,0
Diane Dichtenberg,6,25,6,0
Jan Waring,6,25,6,0
Candice Dixon,6,7,6,0
Jill Burchenal,6,22,6,0
Emily Buckley,6,5,6,0
Jenessa Wrick,6,6,5,1
Richard Yohr,6,14,6,0
Virginia Dickinson,6,5,6,0
Dr. María Dominguez,6,7,6,0
Tracey Warren,6,9,6,0
Yesenia Palomino,6,11,6,0
Victoria Dickman,6,25,6,0
Jacent  Wamala,6,5,6,0
Tamara Ward,6,3,6,0
Tracy Doro-Krueger,6,13,6,0
Jaketra Bryant,6,10,6,0
Raquel Buchanan,6,3,6,0
Shameka Walker,6,3,6,0
Raquel Rocha,6,3,6,0
Joseph DeVillier,6,20,6,0
Rebecca Roberts-Kerns,6,7,6,0
Jonna Phelps,6,19,6,0
Melissa Dempsey,6,6,6,0
Angie DeWaard,6,3,6,0
Rebecca Wright,6,4,5,1
Althea Denard,6,28,6,0
Anthony Buford,6,12,5,1
Lori Downs,6,6,6,0
Kaity Rodriguez,6,6,6,0
Dr. Sue Denk,6,25,6,0
Shanet Dennis,6,5,6,0
Amanda Buchanan,6,11,6,0
Michelle Riley,6,25,6,0
Joelle Doherty,6,20,6,0
Jamie Brown,6,14,6,0
Nimisha Patel,6,22,6,0
Alex   Ellis,6,31,6,0
Joselyn Vasquez,6,13,6,0
Surgey Figueroa,6,4,6,0
Lori Fitch,6,19,6,0
Dr. Lora Van Arsdell,6,9,6,0
Tandy Cyrus,6,8,6,0
Dr. Mary Fierro,6,25,6,0
Dr. Mishelle Ortiz-Velez,6,3,6,0
Rebecca Woods,6,17,6,0
Alyssa Van Boxmeer,6,3,6,0
Shaquala Fields,6,10,6,0
Kelly Brown,6,6,6,0
Robyn Young,6,6,6,0
Dr. Barry Daly,6,25,5,1
"Lorraine ""Lorrie"" Urbaniak",6,13,6,0
Casandra Vasquez,6,6,6,0
Dr. Virginia Curbelo,6,23,6,0
Rebecca Ferren,6,17,6,0
Donna Robichaud,6,14,6,0
Steven Paro,6,43,6,0
Morgan Fitz Gibbon,6,8,5,1
Toby Unterfranz,6,3,6,0
Ranada Dalton,6,13,6,0
"April Heard, LCSW",6,16,6,0
Charmaine Foley,6,10,5,1
Eden West,6,10,6,0
Jordan Uhden,6,3,5,1
Stephanie  Pattison,6,12,6,0
Andrea Foerster,6,10,5,1
Karabeth Vanick,6,10,6,0
Tania Valente,6,11,6,0
Victor Werner,6,30,6,0
Allison Petty,6,10,6,0
Melisa Curry,6,3,6,0
Ada Floyd,6,5,6,0
Carrie Fleury,6,6,6,0
Dr. Paul Fisher,6,32,6,0
Stephanie Young,6,9,6,0
Jean Bringol,6,35,6,0
Angelina Kone,6,10,6,0
Rebecca (Becky) Parrinella,6,20,6,0
Ardean Brock,6,15,6,0
Kimberly Fanning-Shiles,6,7,6,0
Mary Van Hooser,6,35,5,1
Zandy Evans,6,4,6,0
Jacquelan Vujovich,6,5,6,0
Aviva Euripides,6,20,6,0
Kellie Kizis,6,15,6,0
Jay Burrows,6,9,6,0
Celina Vereen,6,15,6,0
Edward Davisson,6,21,6,0
Liz  Villanueva,6,7,4,2
Tiffany Verhasselt,6,3,6,0
Tatiyana Brown,6,7,6,0
Jill Davis,6,10,6,0
Allise Esquivel,6,3,6,0
Deidra Robinson,6,10,6,0
Gustavo  Rodriguez,6,17,6,0
Dr. Natalie Emery,6,22,6,0
Maria Brown,6,5,6,0
"Antonio Ellzey, Sr.",6,17,6,0
Keith Ellis,6,20,6,0
Anita Gutierrez,6,14,6,0
Dion Smith,6,3,6,0
Kathryn Ferguson,6,3,6,0
Rachel Davies,6,6,6,0
Leighanna Weir,6,10,6,0
Stefanie Weintraub,6,12,6,0
Amanda Falkers,6,5,6,0
Wendi Brodis,6,5,6,0
Dr. Robert Wells,6,37,6,0
Angela Farris,6,8,6,0
Dr. Tori Bronaugh,6,15,6,0
Catherine Rincon,6,10,6,0
Maria Van Thienen,6,10,6,0
Christie Faella,6,10,6,0
Natasha Ewa,6,5,5,1
Teresa Brooker,6,13,6,0
Tanya Weigand,6,9,6,0
KENDRA WOODYSIMMONS,6,12,6,0
Lindsey Wehn,6,13,6,0
Amy Vredenburgh,6,6,6,0
Brandis Osborne,6,10,5,1
Bridget  Hackett,6,4,6,0
Inda Powell,6,11,4,2
Mary Hales,6,15,6,0
Sarah Hall,6,3,6,0
Anna Richards,6,11,6,0
Romana Cheang,6,7,6,0
Linda Sykes,6,11,6,0
Pamela Peringer,6,5,6,0
Dr. Augustine Bessong,6,3,6,0
Charlene Thiede,6,34,6,0
Dr. Nikita Hay,6,10,6,0
Cyrus Davani,6,5,6,0
Lorrie Chafin,6,18,6,0
Porsche Terry,6,13,6,0
Lindsey Taylor,6,3,6,0
Grace Szeja,6,6,6,0
Adam Beyer,6,22,6,0
Julia Rossini,6,3,6,0
Gillian Hadlock,6,11,6,0
Dr. Sherry Taylor-Butler,6,28,6,0
Megan Hageman,6,7,6,0
Kiami Bibb,6,10,6,0
Lisa Pringle,6,10,6,0
Blake  Williamson,6,15,6,0
Ronda Hain,6,20,6,0
Andrew Charney,6,6,6,0
Jennifer Harrington,6,10,6,0
Krystal Hall,6,10,6,0
Robin Pee,6,12,6,0
Tauheed Hasan,6,5,6,0
Jessica Casteel,6,6,6,0
Trisha Hartmann,6,10,6,0
Anna Themas,6,3,5,1
Erin Nibley,6,8,6,0
Simara Blair,6,11,6,0
Dr. Daniel Harrigan,6,20,6,0
Brandy Terry,6,10,6,0
Dr. Ruth Ridenhour,6,10,6,0
Michelle Hawbaker,6,20,6,0
Cherie Harper,6,15,6,0
Gabriela Hall-Chung,6,17,6,0
Pam Biggs-Reed,6,20,6,0
Julie Guido,6,28,6,0
Dr. Roxanne  Richards,6,10,6,0
Patricia Szambelan,6,4,6,0
Dr. Kayla Nelson,6,4,6,0
Philip Harms,6,7,6,0
Dr. Kimberly Ernest,6,3,6,0
Jennifer Haskett,6,5,6,0
Chai Benson,6,14,6,0
LeAnn Taylor,6,12,5,1
Jennive Carrera,6,5,6,0
Shayla Chase,6,5,6,0
Laura Christopher,6,14,6,0
Dr. Stephaney Rivera,6,3,6,0
Marsha Chase,6,7,6,0
Dawn Williams,6,8,6,0
Desirae  Harden,6,4,5,1
Dr. Thea Rothmann,6,15,6,0
Kathleen Petrak,6,20,6,0
Deepa Priyadarshan,6,20,6,0
Trisha Willis,6,9,6,0
Marie-Cecille Berrier,6,20,6,0
Anthony Harris,6,19,6,0
James Birks,6,6,6,0
Cheryl Carrothers,6,3,6,0
Wendy Pethybridge,6,10,6,0
Heather Teters,6,5,6,0
Scarlett Harris,6,28,6,0
Sarah Ceva,6,4,5,1
Lisa Carroll,6,17,6,0
Tremayne Thomas,6,3,5,1
Sharon Carroll,6,13,6,0
Sharon Harris,6,6,6,0
Shannon Koch,6,6,6,0
Jenique Taylor,6,4,6,0
Holly Henderson,6,17,6,0
AMANDA CHRISTIAN,6,7,6,0
Dr. Keith Wilson,6,25,6,0
LaShaunda  Hanna,6,10,6,0
Faith Hayes,6,11,6,0
Jennifer Reed-Grimmett,6,18,6,0
Heather  Hales,6,3,6,0
Sharifa Harvey,6,15,6,0
Evonne Nelson-Smith,6,6,6,0
Geri Cassady,6,5,6,0
Elizabeth Casey,6,15,6,0
Angela Casey,6,5,6,0
Ahja Harris,6,8,6,0
Dr. Huei Cheng,6,15,6,0
Dr. Mark Rauser,5,15,5,0
Anna Patterson,5,7,5,0
Shirley Chambers,5,9,5,0
Beverly Fleming,5,22,5,0
Rosie McNee,5,6,5,0
Latechia Hester,5,20,5,0
Coley Fipps,5,10,5,0
Brittany Avnieli,5,5,5,0
Stephanie Dall,5,8,5,0
Dara Harrel,5,3,5,0
Renee Felder,5,15,5,0
Rachel Formantes,5,6,5,0
Cassandra Chambers,5,17,5,0
Cheryl Maddox,5,5,5,0
Wilhelmina (Willa) Olivier,5,12,5,0
Petrina Williams,5,5,5,0
Dr. Nicole Bell,5,19,5,0
Karen Magin,5,10,5,0
Dr. Jennifer Rogers,5,3,5,0
Dr. Maddy Brener,5,10,5,0
Lisa Heuschkel,5,25,5,0
Beth Anne Smith,5,5,5,0
Jenna Auxier,5,6,5,0
Annaka Welty,5,3,5,0
Marissa Ollech,5,13,5,0
Denise Davis,5,20,5,0
Joy Adle,5,5,5,0
Dr. Don Kincaid,5,13,5,0
Sam King,5,7,5,0
Ashley Cutrell,5,5,5,0
France Belizaire Augustave,5,8,5,0
Eric Felber,5,10,4,1
Kay Butler,5,25,5,0
Scheril Williams,5,8,5,0
Brenda Byrne,5,14,5,0
Beth Field,5,15,5,0
Erin McNeff,5,16,5,0
"Mary M.S., LPC  Trauma Therapist",5,16,4,1
Elizabeth M.,5,9,5,0
Cristyn Tamashiro,5,12,5,0
Melissa Phillips,5,22,5,0
Ashley  Young,5,6,5,0
William Shanahan,5,3,5,0
Joseph Fairbanks,5,23,5,0
Corbett Hinkle,5,6,5,0
Tulani Lyon,5,5,5,0
Renee Wells,5,20,5,0
Casey Shank,5,3,5,0
Dr. PAMELA KNIGHT,5,18,5,0
Chukwudi  Oparaku,5,3,5,0
Whitney Catoe,5,3,5,0
Tonya Shankle,5,5,5,0
Christine Harris,5,20,5,0
Susan Van Wazer,5,30,5,0
Jehan Knight,5,9,5,0
Lyndsey Luther,5,3,5,0
Janita Ramar,5,6,5,0
Erica Oppenheimer,5,5,5,0
Marla Veit,5,4,5,0
Menzo Faassen,5,10,5,0
Angela Shankman,5,5,5,0
Regina Nelson Sankey,5,15,5,0
Dr. Summer Woodside,5,15,5,0
Keisha Young,5,7,5,0
Jennifer Darling,5,15,5,0
Pam Amatucci,5,23,5,0
David Eshleman,5,8,5,0
Karen Medlock,5,27,5,0
Nikki Harris,5,15,5,0
Meghan Herek,5,3,5,0
Callie Sewell,5,3,5,0
Lisa Daly,5,16,4,1
Tess Olson,5,5,5,0
Dr. Denise  Warren,5,20,5,0
Bridgjette Evans,5,3,5,0
Kimberly  Lenggiere,5,7,4,1
Amanda Rowe,5,5,5,0
Franklin Moore,5,4,5,0
Dr. Jania Kietzmann,5,20,5,0
Leslie Feder,5,40,5,0
Dr. Mary MacLeod,5,20,5,0
Rachel Rachlinski,5,11,5,0
Lindsey Best,5,14,5,0
Monica Herwald,5,17,5,0
Kara Catrelle,5,25,5,0
Esteban Salazar,5,3,5,0
Courtney Maat,5,20,5,0
Erin Mack,5,10,5,0
Kelly Fischer,5,25,5,0
Adrienne Dancy,5,19,5,0
Jeffrey Danese,5,10,5,0
Kearyann Austin,5,17,5,0
Paul Dang,5,5,5,0
Jessica Robinett,5,7,5,0
Regina Yeh,5,4,5,0
Dr. Lonnie  Smith,5,20,5,0
Dianne Feria,5,10,4,1
Azra Omerbegovic,5,5,5,0
Lorren Ratley,5,7,5,0
Colleen Phillips,5,3,5,0
Brent Mac Phail,5,24,5,0
Lenore Senior,5,15,5,0
Dr. Jennifer Nestell (Nielsen),5,23,5,0
Derrell Chandler,5,28,5,0
Althia McLaughlin,5,15,5,0
Dr. Cindy Kao,5,10,5,0
Sarah Kearney,5,3,5,0
Marnie Kahn,5,3,5,0
Toni Hicks,5,24,5,0
Dr. Nancy Biasotti,5,18,5,0
Sharrie Cranford,5,22,5,0
Julie Baker,5,5,5,0
Thomas Wissert,5,4,5,0
Joline Morgan,5,9,5,0
Shatonya Crayton,5,17,5,0
Dorinda Wiseman,5,18,5,0
Dr. Karla Sapp,5,3,5,0
Willie  Franklyn,5,18,5,0
Sarah Soto,5,6,5,0
Christel Charlesworth,5,13,5,0
Cathrine Kearns,5,20,5,0
Kwesi Franco,5,3,5,0
Brittany Hackey,5,6,5,0
Rebecca Salazar,5,18,5,0
Dr. Susan Sult,5,35,5,0
Kim  Ray,5,5,5,0
April Adler,5,30,5,0
Dallas Rabig,5,10,5,0
Elizabeth Charlat,5,7,5,0
Dr. Maria Elena  Cadet,5,14,5,0
Lucinda Zagnoli,5,3,5,0
Anastacia Rogers,5,3,5,0
Maria Byndom,5,8,5,0
Kenya Foster,5,20,5,0
Cody  Bowser,5,3,5,0
JJ Wett,5,8,5,0
Adrienne Usman,5,5,5,0
Lauren Hall,5,6,5,0
Karen Kavaloski,5,12,5,0
Andrew Turner,5,25,5,0
Margaret Rohan,5,10,5,0
Cyndie Kieffer,5,5,5,0
Keegan Herring,5,3,5,0
Katie Struble,5,3,5,0
Lea Peruzzi,5,3,4,1
Damaris Alfonso,5,3,5,0
Michelle White,5,3,5,0
Dr. Anna Scully,5,10,5,0
Sheila Mansfield,5,19,5,0
Dr. Maria Perrotta,5,20,5,0
Shawn  Joseph,5,13,5,0
Geraldine White,5,3,5,0
Kourtney Gallegos,5,5,5,0
Maria Crabtree,5,10,5,0
Madeleine Baldwin,5,15,5,0
Janet Craig,5,35,5,0
Ashlyn Hopkins,5,10,5,0
Sarah Rohan,5,9,5,0
Danica Hall,5,6,5,0
Greg Jurica,5,7,4,1
Cheryl Freimuth,5,20,5,0
Iesha Crandon,5,5,5,0
Kristen Caldwell,5,20,5,0
Nyree Fray,5,25,5,0
Randie Morillo,5,20,5,0
Atara Raab,5,4,5,0
Gina Marando,5,7,5,0
Rebecca Frary,5,5,4,1
Dr. Rachael Baker,5,12,5,0
Andra Coulter,5,20,5,0
Vicki Mansure,5,21,5,0
Nicole Micucci,5,5,4,1
Mary Morgan,5,7,5,0
Dria Brantley Brady,5,3,5,0
Dr. Arlene Unger,5,30,5,0
Joan Flynn,5,3,5,0
Lisa Makris,5,14,5,0
Victoria Malcolm,5,15,4,1
Amy Flores,5,3,5,0
Michele Cruz,5,3,5,0
Jessie Sell,5,14,5,0
Brian Flynn,5,20,5,0
Carmen Chang-Arratia,5,15,5,0
Maryam Aziz,5,11,5,0
Andrew Bailey,5,10,5,0
Lisa Kilgore,5,3,5,0
Danna Powers,5,7,5,0
Dr. Kathleen Kellum,5,20,5,0
Sandra Ramos,5,7,5,0
Brittney Ramos,5,6,5,0
Esther  Youngman,5,17,5,0
Ellen Shafer-Lind,5,31,5,0
Kailah Nettle,5,5,5,0
Cara Morales,5,10,4,1
Janice  Mahal,5,4,5,0
Michael  Cummings,5,3,5,0
Lance Miguez,5,10,5,0
Sherice Youngblood,5,15,5,0
Denise Stuntzner,5,20,5,0
Bonnie Lilly,5,5,5,0
Nicole Wendt,5,4,5,0
Lisa  Curtis,5,30,5,0
Darrin Oliver,5,18,5,0
Dr. Rebecca Curtis,5,29,5,0
Toby Mailman,5,20,5,0
Shelley Wendt,5,5,4,1
Richlyn Fletcher,5,26,5,0
Nicole Belgrave,5,4,5,0
Ann Perkins,5,15,5,0
Herdyne Mercier,5,3,5,0
Jazmine Crumpton,5,4,5,0
Diane Moreno Zerby,5,33,5,0
Kathleen Keim,5,3,5,0
Paula Fowler,5,3,5,0
Jennifer Kehrle,5,9,5,0
Patti Hampsten,5,3,5,0
Shahriar Pooladzandi,5,23,5,0
Jenelle Okkerse,5,14,5,0
Jennifer Myers,5,6,5,0
Susan Malkoff,5,40,5,0
Claire Fox,5,5,5,0
Kristin Fox,5,22,5,0
Nicole VandeLinde,5,10,5,0
Michelle Malott,5,6,5,0
"CaRen Ogle, LPC, CCTP",5,30,5,0
Brenda Maloy,5,3,5,0
Jay Butterfield,5,20,5,0
Dr. Bertrina Olivia West Al-Mahdi,5,10,5,0
Jennifer Forbes,5,12,5,0
Lorrie Allen,5,10,5,0
Jennifer Mally,5,20,5,0
Regina Sarabia,5,6,5,0
Tiffany Fontenot,5,5,5,0
MARTHA FONSECA,5,19,5,0
Felisha Babb,5,3,5,0
Cathy Nau,5,29,5,0
Eric Kaufman,5,5,5,0
Holly Bailey,5,5,4,1
Jan Abbott,5,13,5,0
Dr. Patricia Brawley,5,33,5,0
Crystal  Crumley,5,14,5,0
Kimberly Tennant,5,22,5,0
Angelica Cabrera,5,3,5,0
Rachael Fields,5,3,5,0
Tandi Orluk,5,3,5,0
Roseann Smith,5,10,5,0
Gigi Drummond,5,22,5,0
Rebecca Dries,5,5,5,0
Michelle Simmer,5,3,5,0
Lori Simmons,5,10,5,0
Jennifer Moore,5,3,5,0
Christina Anderson,5,15,5,0
Laura Pasker,5,14,5,0
Troy Bruns,5,20,5,0
Kimberly Simerly,5,3,5,0
Margaret  Lindberg,5,3,5,0
Heather Dumas,5,15,5,0
Emily Wagner,5,13,5,0
Jennifer Walker,5,9,5,0
Marcia DuBois,5,35,5,0
Carlie Sherman,5,8,5,0
Jennifer Le,5,7,5,0
Lisa  Drew,5,16,5,0
Danielle  Rich,5,3,5,0
Siyama Drake,5,26,5,0
Crystal Hawkins,5,12,5,0
Angela Doyle,5,10,5,0
Aliyah Mitchell,5,3,5,0
Brianne Hawkins,5,3,5,0
Lory LeBlanc,5,7,5,0
Shea Hillman,5,3,5,0
Heather Pack,5,15,5,0
Tameka Drew,5,13,5,0
Heather DeVilliers,5,12,5,0
Emily Hawkins,5,6,5,0
Dalyn Pacheco-Smith,5,5,5,0
Jacqueline Leader,5,12,4,1
Alyssa (Cohen) Van Lopik,5,5,5,0
Mary  Rowan,5,3,5,0
Rose Simon,5,7,5,0
Dr. Jared Detter,5,15,5,0
Gail Wright,5,3,4,1
Dr. Zyanya Mendoza,5,9,5,0
Devin Brown,5,5,5,0
Andrea Abad,5,11,5,0
Glenn Anderson,5,15,5,0
Kimberly Harshaw,5,7,5,0
Cathy Dulin,5,5,5,0
Christine Philion-Dufour,5,20,5,0
Tracy  Wrocklage,5,15,5,0
Alyxx Berg,5,15,5,0
Dr. Douglass Lobo,5,25,5,0
Karen Rafalik,5,3,5,0
Amanda DeLong,5,4,5,0
Sharon DeLoach,5,12,5,0
Alexa Pinsker,5,3,5,0
Jessica Brumfield,5,3,4,1
Jenny Armstrong,5,3,5,0
Emily Sanchez,5,4,5,0
Starlett Armstrong,5,3,5,0
Stacy Wright,5,30,5,0
Brecken Hart,5,3,5,0
Rafaela Buenaventura,5,3,5,0
Susana Deltoro,5,3,5,0
Valorie Bronstone,5,10,5,0
Dr. Melissa Melissa,5,8,5,0
Dr. Stephen Benoit,5,7,5,0
Dr. Alexa Wasserman,5,20,4,1
Daniel Lindenfeld,5,6,5,0
Lisa Raney,5,3,5,0
"Pamela ""Pam"" Theisen",5,30,5,0
Luisa  DeLuca,5,28,5,0
Janet Lawrence,5,12,4,1
Alan Lawrence,5,30,5,0
Lataya Hawkins,5,20,5,0
Sarah Liu,5,7,5,0
Mignon Pasqualicchio,5,3,5,0
Emma Donnelly,5,4,5,0
Kara Palasz,5,18,5,0
Erica Levin,5,9,5,0
Ashlea Palafox,5,3,5,0
Elizabeth Dick,5,3,5,0
Ali Levesque,5,3,5,0
Jennifer Plesz,5,5,5,0
Jenny Leimann,5,10,5,0
Melissa Levine,5,8,5,0
Kathleen Hays,5,3,5,0
Jack Grabon,5,15,5,0
Sara Walsh,5,15,5,0
Belva Dibert,5,6,5,0
Erin Shuford,5,3,5,0
VeAnda Hemphill,5,8,5,0
Jessica  Sance,5,5,5,0
Michael Henderson,5,20,5,0
Chris Ledyard,5,25,5,0
Carolyn Henderson,5,10,5,0
Kelly Lenzi,5,25,5,0
Kristen Buongiorno,5,12,4,1
Rachel Sanabria,5,5,5,0
Dawn Discenza,5,8,5,0
Becky Levinson,5,12,4,1
Lauren Raphael,5,15,5,0
Gerri Dominguez,5,3,5,0
Rebecca Lewis,5,5,4,1
Tara Hayes,5,5,5,0
Kathleen Arbuckle,5,18,5,0
Selena Lemons,5,10,5,0
David Robbins,5,10,5,0
Rachel Hayes,5,4,5,0
Bobbi Mendes,5,5,4,1
Patti Lehr,5,30,4,1
Kathleen Murphy,5,20,5,0
Dr. Rebecca Lester,5,10,5,0
Katrice Rankin Ward,5,15,5,0
SARAH BUI,5,6,5,0
Alisha Dennis-Brinson,5,11,5,0
Delinda Samp,5,10,5,0
Alexandra Hayson,5,3,5,0
Thomas Doughman,5,30,5,0
LaJuana  Walker-McGill,5,22,5,0
Minh Bui,5,5,5,0
Dr. Michelle Dobson,5,10,5,0
Dr. Hayden Center Jr,5,3,5,0
Katharine (Kate) Denihan,5,18,5,0
Jane Shersher,5,5,5,0
Denise Anderson,5,13,5,0
Tracy Dowling,5,20,5,0
Nickole Wyse,5,4,4,1
Lois Pasapane,5,35,5,0
Dr. Noelani Rodrigues,5,21,5,0
Elisa Dorrough-Ewing,5,20,5,0
Melissa Plourde,5,12,5,0
Neelah Pincus,5,20,5,0
Sara Liedtke,5,3,5,0
Paul  Dokey,5,20,5,0
Madalyn Caldwell,5,5,5,0
Craig Buchanan,5,4,5,0
Linett Negroni,5,11,5,0
Louisa Lichtman,5,8,5,0
Linda Casira,5,3,5,0
Norene Cashen,5,6,5,0
Dr. Gary Ward,5,3,4,1
Kailey Minnick,5,3,5,0
Eli Shlomovich,5,14,5,0
Lin Li,5,3,5,0
Omega Hatchett,5,22,5,0
Andrea Works,5,5,5,0
Kristen  Abbate,5,15,5,0
Donna Nazarchyk,5,3,4,1
Jessi Kovalik,5,18,5,0
Santricoa Nelson,5,3,5,0
"Tere ""Pam"" Ortega",5,4,5,0
Susan Paraspolo,5,5,5,0
Linda Vermeulen,5,24,5,0
Rima Patel,5,15,5,0
Debra Vereen,5,3,5,0
Rhonda  Harvey,5,3,4,1
Marie M. Estela,5,5,5,0
Lisa Sussman,5,10,5,0
Keona Harris,5,19,5,0
Stephanie Lowry,5,5,5,0
Jamie Kovacs,5,15,5,0
Aimee  Loyd,5,6,5,0
Viema Emmanuel-Perez,5,15,5,0
Jessica Emelia,5,14,5,0
Camille Brockett,5,4,4,1
Katie Aab,5,7,5,0
Catherine Ladd,5,7,5,0
Allen Smart,5,17,4,1
Katie Hepner,5,15,5,0
Tessa Burris,5,5,5,0
Dr. Tracee Moore,5,12,5,0
Kathryn (Kate) Johnson,5,4,5,0
David Allison,5,33,5,0
Dr. Kristina Vincent,5,12,5,0
JENNIFER DAWN,5,3,5,0
Teresa Ellsworth,5,25,5,0
Manon PaquetSatrape,5,16,5,0
Nikkimah Davis,5,20,5,0
Dr. VonZell Wade,5,5,5,0
Jennifer Sutherland,5,4,5,0
Diane  Pardew,5,8,5,0
Mary-Joe Rivas,5,4,4,1
Aili Wachtel,5,12,4,1
Eden Atwood,5,7,5,0
Dr. Lavarez Harris,5,13,5,0
Elizabeth Atkinson,5,3,4,1
Stephanie Korpal,5,7,5,0
Dr. Joan Atwood,5,30,5,0
Heather Knox,5,9,5,0
A. James (Jim) Evans,5,28,5,0
Elizabeth Erban,5,15,5,0
Veronica Villa,5,20,5,0
Eva Davidson,5,9,5,0
Carrie Davidson,5,15,5,0
Cecily Moore,5,3,5,0
Alice Knowlton,5,3,5,0
Dr. Corlissa Wilson,5,25,5,0
Katina Ervin,5,10,5,0
Kristine Hanson,5,5,5,0
Jessica Orndoff,5,10,5,0
Elliott Lugo,5,13,5,0
Latasha Shannon,5,13,5,0
Michelle Robinson,5,17,5,0
Angela Atkins,5,25,5,0
Dr. Rhonda Carter,5,16,5,0
Kathleen Kosche,5,34,5,0
Sarah Burton,5,4,5,0
Brianna Kocon,5,3,5,0
Heather Ludwig,5,7,5,0
Janeen Weiss,5,20,5,0
"Rebecca ""Becky"" Astarita",5,18,5,0
Nell Osborne,5,5,5,0
Nora Carter,5,6,5,0
Shannon  Davis,5,4,4,1
C.E. English,5,25,5,0
Gay Chalpin,5,21,5,0
Jeffrey Shaw,5,18,5,0
Karla Lara,5,10,5,0
David Aronson,5,10,5,0
Vanessa Robles,5,12,5,0
Cathleen  Burks,5,4,5,0
Olga Lomanovitch,5,5,5,0
Hiroko Goodfriend,5,15,5,0
Brett Burlone,5,13,5,0
Dr. William Shearer,5,46,5,0
Allan Decker,5,30,5,0
Audrey Burke-Wardlaw,5,25,5,0
Phillip Ehle,5,7,5,0
Stephanie Ehmke,5,10,5,0
Keith London,5,3,5,0
Robert Skuy,5,3,5,0
Lucritia (Ann) Sayles,5,8,5,0
Christiane Long,5,7,5,0
Mary Lohmuller,5,20,5,0
Kathleen Nealon,5,12,4,1
Lanorma Burrell,5,15,5,0
Earl Liotti,5,8,5,0
Jacqueline Shelton-Espinosa,5,15,5,0
Amanda Lockie,5,3,5,0
John Dwyer,5,33,5,0
"Elizabeth ""Miki"" Anderson",5,10,5,0
Karlene Harrison,5,15,5,0
Danielle Langit-Campbell,5,10,5,0
Jessica Locuson,5,7,5,0
Genger Benson Perez,5,5,5,0
Abe Hatch,5,4,5,0
Linda Delany-Glassman,5,18,5,0
Laura Arnold,5,4,3,2
Peggy  Randolph,5,30,5,0
Jennifer Anderson,5,10,5,0
Carl DeJohn,5,10,5,0
Kristin Wylie,5,10,5,0
Linda Arrossa,5,27,5,0
LaShara Shaw,5,10,5,0
Dr. Paul Kramer,5,15,5,0
Brittiny Brown,5,3,5,0
Stephanie Vitolo,5,3,5,0
Brittany Elkins,5,3,5,0
Lugannys  Lopez,5,3,5,0
Penny Suggs,5,7,4,1
Allison Kramer,5,3,5,0
Lisa Allison,5,15,5,0
Trish Hasper,5,25,5,0
Bridget  Moodie,5,4,5,0
Monte Kuykendall,5,21,5,0
Darryl Russ,5,9,4,1
Kara Moody,5,6,5,0
Andrea Harris-Kornblith,5,7,5,0
Janet Arslan,5,8,5,0
Janet Webb,5,30,5,0
Johanna Lopez,5,35,5,0
Dr. Briana Robinson,5,7,5,0
Amanda Burns,5,15,5,0
Larry Brown,5,34,5,0
Brianna Yates,5,3,5,0
Daniel La Born,5,7,5,0
James Milner,5,3,5,0
Patrick Wagner,5,8,5,0
Alexandra Antunes,5,5,4,1
Misti Slaughter,5,10,5,0
Stacy Ekmark,5,7,5,0
Christina Webb,5,8,5,0
Janice Burnham,5,27,5,0
Katherine Garity,5,14,5,0
Leslie Long,5,16,5,0
James Hensley,5,13,5,0
Arlene Hable,5,8,5,0
Frances Perkins,5,9,5,0
Kassandra Boortz,5,3,5,0
Holly McIntyre,5,15,5,0
Leslie Stambaugh,5,7,5,0
Karen Baum,5,11,5,0
Catherine Mucci,5,3,5,0
Lauren Jankura,5,8,5,0
Dylan Gillis,5,6,5,0
Mary Anne Ruane,5,30,5,0
Larry Baumgartner,5,5,5,0
David Meza,5,12,5,0
Tracie Theotokas,5,17,5,0
Emily McClure,5,9,5,0
Shawn Mathis,5,6,5,0
Dr. Patrick Mathieu,5,3,5,0
Tuquester Carlisle,5,6,5,0
Lucy Novario,5,5,5,0
Dionne Green,5,3,5,0
Leeann Peters,5,5,5,0
"Priscilla  Chen (She, Her, Hers)",5,13,5,0
Caren Nowak,5,28,5,0
Kenneth Wilson,5,19,5,0
Lauren Stephenson,5,12,5,0
Molly Rendina,5,4,5,0
Elizabeth (Beth) Zeilenga,5,3,5,0
Erin Payne,5,7,5,0
Dr. David Mathews,5,35,5,0
Barbara Bohman,5,14,5,0
Saila Akhtar,5,5,5,0
RaShun Stewart,5,17,5,0
Elizabeth Janca,5,5,5,0
Dr. Jamie Trefethen,5,5,5,0
Carla Noto-Vencill,5,29,5,0
Bob Miller,5,12,5,0
Dr. Kezziah McDaniel,5,16,5,0
Christopher Carlson,5,3,5,0
Dr. Amy Graham Mullins,5,16,5,0
Erik Hutchison,5,10,5,0
Judith Rosen,5,25,5,0
Sharae James,5,5,5,0
Amber Wilder,5,6,5,0
Tina Mavalankar,5,5,5,0
Angela Schedler,5,6,5,0
Dr. Dorcas Matowe,5,15,5,0
Angela James,5,11,5,0
Tammera Carbo,5,30,5,0
Emily Tilman,5,6,5,0
Ashley Green,5,8,5,0
Melinda Matney,5,15,5,0
Michelle Roberson,5,3,5,0
Dr. Lexi Schmidt,5,6,5,0
Laurel Wood,5,30,5,0
Michael Stample,5,22,4,1
Christian Gibson,5,4,5,0
Rosella Collins-Puoch,5,11,5,0
Shadae Roberson,5,11,5,0
RICLAIR GILOT,5,12,5,0
Emily Jamison,5,5,5,0
Emily Colonna,5,15,5,0
Lola Combs,5,3,5,0
Jessica Gerson,5,8,5,0
Rania Sawaged,5,5,5,0
Dr. Juanita  McGowan,5,40,5,0
Kejuana Johnson,5,10,4,1
Crystal Nuss,5,17,5,0
Jessica Gebbink,5,15,5,0
Suzanne Dowd,5,8,5,0
Dr. Shawna Haley,5,23,4,1
Danielle Hamilton,5,5,5,0
Anne Quast,5,9,5,0
Sara Hoesly,5,7,5,0
Kristen Pitzer,5,11,5,0
Stephanie Halihan,5,5,5,0
Karlee Roberts,5,4,5,0
Amy Bareiter,5,7,5,0
Linda Baxter,5,25,5,0
Hoi Moy,5,5,5,0
Dr. Damien Johnson,5,12,5,0
Megan Richardson,5,3,5,0
Sallie Trecek,5,28,5,0
Lauren Massi,5,5,4,1
Julia Massay-Donato,5,6,5,0
Kathleen McDonald-Gilfert,5,20,5,0
Ariadna Hoots,5,27,5,0
Stephen Gaylord,5,3,5,0
Krystal Boza,5,7,5,0
Stephanie Garrett,5,3,5,0
Lori Mestre,5,15,5,0
Elisa Niles,5,15,5,0
Cybele Blood,5,9,4,1
Amber Carlile,5,3,5,0
Juleen Chiaradonna,5,25,5,0
Kimberly Boone,5,18,5,0
Lisa Jellison,5,14,5,0
Deborah Pow,5,5,5,0
Betty Russell,5,3,5,0
Chalon Barnett,5,3,5,0
Pamela Thompson,5,14,5,0
Christopher Gerou,5,20,5,0
Fatima Cochran,5,5,5,0
Cynthia Geri,5,20,5,0
Whitney Coble,5,5,4,1
Billie Nunez,5,17,4,1
Katharine Smith,5,3,5,0
Jennifer Staggs,5,7,5,0
Ashley Connolly,5,3,5,0
Nicole Wilbur,5,17,5,0
Linda Thomas,5,30,5,0
Karen  Coad,5,7,5,0
Laverne Hoffler-Duckworth,5,10,5,0
Dr. Oliver Williams,5,40,5,0
Walt Nunnally,5,3,5,0
Alexi Peters,5,4,5,0
Justin Genovese,5,7,5,0
Dallas McGlinn,5,3,5,0
Victoria Pospisil,5,11,5,0
Alice Williams,5,8,5,0
LaShonda Mobley,5,12,5,0
Elizabeth Tolliver,5,8,5,0
Laura Giraldo,5,6,5,0
Shaelynn Tice,5,3,5,0
Jesseca Holston,5,10,5,0
Eren Moore,5,7,5,0
Jeffrey Steer,5,18,5,0
Teresa Guzman,5,11,4,1
Michael  Zito,5,21,5,0
Rebecca Wonderley,5,3,5,0
Alisa Miller,5,15,5,0
Courtney  Cohen,5,15,5,0
Ruby Gonzalez,5,10,4,1
Rebecca Korn,5,10,5,0
Jordan Pepper,5,4,5,0
Clarice Gomes,5,20,5,0
Drice Tippit,5,11,5,0
Stephanie Hager,5,29,5,0
Karen Williams,5,20,5,0
Chelsea Bolles,5,9,5,0
Charlotte Hagins,5,9,5,0
Crystal Harris,5,15,5,0
Gwen Bartran,5,20,5,0
Dr. Scarlett Black,5,18,5,0
Roslyn  Stevenson,5,25,5,0
Lauren Capasso,5,6,5,0
Emily  Jackson,5,5,5,0
Othea McAlpine,5,10,5,0
Kelsey Gleason,5,7,5,0
Lydia Peters,5,3,5,0
Laura Nagy,5,25,5,0
Mandi Clegg,5,4,4,1
Tricia Stehle,5,23,5,0
Molly Bean,5,3,5,0
Lauren Isaac,5,7,5,0
Ryan Grace,5,5,5,0
Dominique Steiner,5,3,5,0
Dr. Carolyn Goosby,5,25,5,0
Dr. Eve Coker,5,10,5,0
Dr. Ashley Naginewicz,5,10,5,0
Forrest Hong,5,3,5,0
Tiniya Bolden,5,6,5,0
Denisha Smith,5,7,5,0
Mark Williams,5,28,5,0
Judith McCall-Rosenfeld,5,40,5,0
Sandra Goyco,5,4,5,0
Katie Noll,5,5,5,0
Nicole Iredale,5,3,5,0
Vyata Mungur,5,16,4,1
Tiffany Bass,5,3,5,0
Dr. Adaobi Iheduru,5,8,5,0
Alison Chrun,5,3,5,0
Fred Theobald,5,10,5,0
Vanessa  Schneider,5,9,5,0
Jessica Colarco,5,13,5,0
Patrick McCain,5,11,5,0
Amy Guy,5,3,5,0
Melanie Jackson,5,36,5,0
Dr. Andrea McCarter,5,25,5,0
Dorcas  VanGilst,5,13,5,0
Kayla Purvis,5,5,5,0
Austin Haacke,5,3,5,0
Holly McCloud,5,5,5,0
Benia Thomas,5,7,4,1
Suzanne Hainlen,5,3,4,1
Vida Phoenix,5,16,5,0
Kindra Battles,5,3,5,0
Bethany Graham,5,12,5,0
Kathleen Hull,5,3,5,0
Caryn Haire,5,10,5,0
Carisa Givens,5,12,5,0
Dr. Steven Abney,5,15,5,0
Marcia Jackson,5,15,5,0
Kris Strande,5,20,5,0
Danielle McClendon,5,3,5,0
Shellean Fyffe-Parker,5,3,5,0
Sarresa  Thorson,5,9,5,0
Lindsay Stejskal,5,5,5,0
Molly Newman,5,4,5,0
Dr. Steven Murdock,5,26,5,0
Dr. Sheila Santoro,5,25,5,0
Thomas Patitucci,5,35,5,0
Alyssa Norton,5,9,4,1
Beverly Zimmerman,5,20,4,1
Marla Starnes,5,14,5,0
Kindra Stephens,5,25,5,0
Olga Maxwell,5,5,5,0
Cheryl Clarke,5,10,5,0
Gladys Wilson,5,3,5,0
Dr. Caitilin  Barrett,5,10,5,0
Julia Starrett,5,9,5,0
Monica Matuska,5,5,5,0
Roxsanna  Stenuis,5,20,5,0
Emily Muecke,5,3,5,0
Amber Williams,5,10,5,0
Shawn Honnerlaw,5,15,5,0
Taylor Rosand,5,7,5,0
Savannah Miller,5,13,5,0
Jocelyn Jones,5,11,5,0
Kelly Mayor,5,8,5,0
Stephanie Staveland,5,7,5,0
Suzanne Bartholomew,5,4,5,0
David Thomas,5,11,5,0
Brentom Jackson,5,8,5,0
Kristy Zink,5,10,5,0
Christine Abrams,5,35,4,1
Dr. Angela Hood,5,6,5,0
Tina Adams,5,14,5,0
Denise Hyland,5,5,5,0
Erin Jacobs,5,15,5,0
Jill Wonder,5,7,5,0
Alicia Jackson,5,10,5,0
Craig Hutton,5,3,5,0
Lara Peter,5,10,5,0
LaSonna Rivers,5,10,5,0
Randi Black,5,5,5,0
Kotina Hutto,5,11,5,0
Thom Barry,5,6,5,0
Eugene Farrell,5,20,5,0
Sarah Mossa,5,20,5,0
Karen Imala,5,10,5,0
Sharon Crane,5,5,5,0
Angie Winkler,5,17,5,0
Teresa Horldt,5,17,5,0
Jennifer Fuller,5,3,5,0
Lisa Holmes,5,5,5,0
Brandon Thoma,5,4,5,0
Osa Holmes,5,25,4,1
Sarah Bradley,5,3,5,0
Christine Savas,5,5,5,0
Tara McCullough,5,16,5,0
Patrice Bazer,5,9,5,0
Kate O'Connell,5,15,5,0
Jennifer Peevey,5,7,5,0
Dr. Patricia Martin,5,25,5,0
Ancquanetta Mckinney,5,12,5,0
Chian Gavin,5,20,5,0
Dean Ross,5,3,5,0
Jamal Morton,5,6,5,0
Barbara Martin,5,30,5,0
Ericka Stuckey,5,3,5,0
Jill  Trice,5,20,5,0
Nava Mermelstein,5,8,5,0
Jessica Balos,5,19,5,0
Kandice Cowherd,5,10,4,1
Caroline Jones,5,20,5,0
Sophia Hoskins,5,13,5,0
Marla Jones,5,30,5,0
Anthony Cipolla,5,40,5,0
Erika Williams,5,10,5,0
Lisa Spore,5,10,5,0
Margaret Banks,5,3,4,1
Brandon Johnson,5,10,5,0
Lenwood Patterson,5,30,5,0
Leonardo Garcia,5,15,5,0
Cindy Hamilton,5,3,5,0
Martin Ward,5,10,5,0
Erika Rucker,5,3,5,0
Dr. Jason Newcomb,5,20,5,0
Tamecia Hill,5,13,5,0
Keisha Banner,5,6,5,0
Vanice  Zenon,5,15,5,0
Trent Gray,5,18,5,0
Aurora Campbell,5,6,5,0
Sarah Morrison,5,9,5,0
Amanda Roland,5,3,5,0
"""Dee"" Michel",5,15,4,1
Shelley Miller,5,32,5,0
Nancy Graham,5,25,5,0
Siedah Spencer-Ardis,5,5,5,0
Patrick Sullivan,5,3,5,0
Tana Hall,5,16,5,0
James Schieffer,5,20,5,0
Alice  Hamlin,5,11,5,0
Nichole Gavel,5,5,5,0
Amber Rickert,5,10,5,0
Dayana Alequin Parrilla,5,9,5,0
Julie Afable,5,6,5,0
Michelle Gross,5,15,5,0
Jennifer Botsch,5,5,5,0
Colin Hammer,5,25,5,0
Kayla Stoltmann,5,5,5,0
Jennifer Morris,5,10,4,1
Sara Horn,5,6,5,0
Natasha Marte,5,5,4,1
Margaret Scepura-Michel,5,10,4,1
Diana Ciavarella,5,5,5,0
Lora Jones,5,8,5,0
Robin Frutchey,5,17,5,0
Kristy Bazzanella,5,5,5,0
Paula Mardit,5,20,5,0
Carla  Murray,5,12,5,0
Tia Jenice  Morris,5,10,5,0
Mary Anne Gunter,5,4,5,0
Kimberly Cossin,5,5,5,0
Latavia Agada,5,9,5,0
Cory Ball,5,13,5,0
Susan Sparks,5,10,5,0
Kristine Galli Hankins,5,10,5,0
Dionne Scott-Boissard,5,6,5,0
Phyllis Marcus,5,30,5,0
Teresa Robertson,5,19,5,0
Bill Jordan,5,17,4,1
Gabrielle Brainard,5,20,5,0
Christi Jones,5,22,5,0
David Growcock,5,15,5,0
LaQuindra Carroll,5,3,5,0
Shannon  Martin,5,3,5,0
Heather  Horvath,5,3,5,0
Regenia Roach,5,3,5,0
Jessica Triplett,5,14,5,0
Melissa Williams,5,10,5,0
Liz Fuhro,5,6,5,0
Jerrilynn  Pratt-Mullen,5,5,5,0
ARIANNA WILLIAMS,5,8,5,0
Katie Morris,5,5,5,0
Rachel Tegano,5,10,5,0
Cynthia Jones,5,15,5,0
Austa Murray,5,21,5,0
Chelsey Jones,5,3,5,0
Grant Grover,5,20,5,0
Melissa Wood,5,9,5,0
Debra Pruyn,5,25,4,1
Diego Chiluisa,5,4,5,0
Janel Guinane,5,10,5,0
Patrick O'Leary,5,35,5,0
David Higgins,5,3,5,0
Natalie O'Mara,5,6,5,0
Tiffany Scott,5,9,5,0
Greg Jones,5,11,5,0
Ronya Williams,5,13,5,0
Jacy Mesch,5,6,5,0
Suzanne Campos,5,3,5,0
Charles Fuller II,5,22,5,0
William Carroll,5,14,5,0
Emily  Hopper,5,6,5,0
Mari  Hoaglund,5,7,5,0
Aaron James,5,3,5,0
Amy McGinnis Hogan,5,17,5,0
Marcie Hanna,5,18,5,0
Annamarie Hess,5,5,5,0
Charles Michel,5,21,5,0
Laura Schulke,5,8,5,0
Krystal Johnson,5,3,4,1
Charnelle Cook,5,3,5,0
Marcela Becerra,5,10,5,0
Thomas Stewart,5,8,4,1
Ana Garcilazo-Estrada,5,5,5,0
Rebecca Schilling,5,6,5,0
Dawn Cooke-Osorio,5,6,5,0
Daisy Martinez-DiCarlo,5,20,5,0
Susan Stewart,5,9,5,0
Rachelle Michaud,5,16,5,0
Gilbert Clark,5,3,5,0
Gabrielle (Gabbi) Schwenzfeier,5,3,5,0
Munirah (Muni) Alam,5,12,5,0
Gina Spielman,5,25,5,0
Chrystal Mitchell,5,4,5,0
Elizabeth Merriweather,5,30,5,0
Katherine St. George,5,3,5,0
Deb Schierbeck,5,20,5,0
Ian Griffin,5,15,5,0
Lethea Pittman,5,5,5,0
Man Nguyen,5,12,5,0
Christina Chykirda,5,6,5,0
Mary Tauscher,5,7,5,0
Caitlin Adair,5,5,5,0
Cynthia Gaskins,5,9,5,0
Conisha Hill,5,5,5,0
Dr. Kimberly Miller,5,10,5,0
Samantha Beckmann,5,4,5,0
Cynthia Moses,5,3,4,1
Maya Conlon,5,3,4,1
Ashley  Abraham,5,3,5,0
Jennifer Torres,5,22,5,0
Josephine Martinez,5,25,5,0
Celia Gardner,5,16,5,0
Suzanne Martinez,5,20,5,0
Carrie Torzsa,5,15,5,0
Elizabeth Prewitt,5,12,5,0
Sandra Mason,5,3,5,0
Dennis Tucker,5,25,5,0
Angela Gardner,5,9,5,0
Karen Contreras,5,25,5,0
Neesha Roberts,5,5,4,1
Dr. April Tinajero,5,8,5,0
Jeanette Grissom,5,36,5,0
Aysia Graves,5,15,5,0
Hannah Funderburk,5,5,5,0
Cherelle Carrington,5,10,5,0
Grant Barlow,5,6,4,1
Dyana Clark,5,5,5,0
Pamela Sheldon,4,3,3,1
Carol-Ann Cerkan,4,18,4,0
Monique  Church,4,12,4,0
Jacqueline Jackson,4,3,4,0
Candice Clayton,4,10,4,0
Marie Retherford,4,30,4,0
Danielle Williams,4,8,4,0
Jacob Meddles,4,3,3,1
Michael Clark-Borenstein,4,4,4,0
Jocelyn Schiffhouer,4,19,4,0
Jessica Passero,4,10,4,0
Dr. Claire Miner,4,24,4,0
Josie DeJong,4,14,3,1
Joshua L. Carpenter,4,9,4,0
Amanda Watson,4,5,4,0
Robyn Minefee,4,6,3,1
Norma McCarthy,4,18,4,0
Lori Shinsato,4,3,4,0
Cierra Williams,4,3,4,0
Kristen Dewberry,4,7,4,0
Paul Pasternak,4,25,4,0
Sandra  Tysar-Gilbert,4,11,4,0
Ashley Mehu,4,5,4,0
Dr. Debra DeFour-Pierce,4,20,3,1
Shannon Williams,4,3,4,0
Meagan Shorey,4,3,4,0
Dori McDonnell,4,13,4,0
Shana Cauthen,4,14,4,0
Dr. Jaylyn Clark,4,6,4,0
Chandrea Washington,4,3,4,0
Karla Burgess,4,18,4,0
Rebecca Andersen,4,17,4,0
Shantizia Figgs,4,3,4,0
Venitta Johnson,4,6,4,0
Stephanie Sattar,4,6,4,0
Katie Wilkinson,4,11,4,0
Lauri Shedd,4,3,4,0
Alizah Scherr,4,12,4,0
Sabrina Logozzo,4,4,4,0
John Loggins,4,31,4,0
Dr. Hillary Robson,4,5,4,0
Kelly Messing-Mirabito,4,19,4,0
Dr. Kizzy Pittrell,4,14,4,0
Sonya Pearson,4,19,4,0
Shari Phillips,4,6,4,0
Ricci Robson,4,25,4,0
Rev. John Reid,4,20,4,0
Michelle Wren,4,14,4,0
Stephan Chiarini,4,22,3,1
Al Watson,4,35,4,0
Sarah Collins,4,5,3,1
Kirsten Limon,4,8,4,0
Amanda Messinger,4,3,4,0
Lisa Ritter,4,10,4,0
Kristen Shores,4,16,4,0
Ashley Wang,4,7,4,0
Dr. Melissa Echevarria Baez,4,4,4,0
Christine Parker,4,8,4,0
Cynthia (Cyndi) McCay,4,3,4,0
Mary Burget,4,36,4,0
Cindy Winar,4,20,4,0
Andrea Lewis,4,3,4,0
Dr. Olga Panarina,4,6,4,0
Rebecca Willhite,4,3,4,0
Staci Johnson,4,10,4,0
Catherine McCubbin,4,16,4,0
Wilfredo Melendez,4,8,4,0
Sasha McCraw,4,8,4,0
Mary Beth  Ritchie,4,11,4,0
Maria Perdomo-Torres,4,15,4,0
Carlton Lewis,4,2,4,0
Emeka Wolfe,4,3,4,0
Kali Carpenter,4,6,4,0
Lyndsi Parker,4,7,3,1
Dr. Sonya Anderson,4,29,4,0
Gary Carone,4,25,4,0
Joseph Mirabella,4,27,4,0
Debbie McClintic,4,25,4,0
Jill Schlossberg,4,3,4,0
Lisa Burdick,4,20,4,0
Craig Carpenter,4,7,4,0
Dr. Brynez Roane,4,15,4,0
Myron Dianiska,4,40,4,0
Sarah Robb,4,12,4,0
Tiffany Savoy,4,3,4,0
Verena Coes,4,3,4,0
Erin Wilson,4,9,4,0
Karen Reid,4,8,4,0
Jacqueline Caskey-James,4,14,4,0
Brett Lieberman,4,3,4,0
Abby Pease,4,3,4,0
Natalie Diaz,4,10,4,0
Marilyn DeLuera,4,14,3,1
Laurie Rochelle,4,3,4,0
Dr. Carrie Willey,4,34,4,0
Ostin Celestin,4,13,4,0
Rhyanna Anderson,4,4,4,0
Jerry Lindquist,4,30,4,0
Kristie Cochran,4,12,4,0
Helen Coffman,4,15,4,0
Michelle Anderson,4,4,4,0
Chani Cochran,4,13,4,0
Sivan Cohen,4,7,4,0
Melissa Watley,4,12,4,0
Shannon Minnick,4,12,4,0
Jordan DeWitt,4,3,4,0
Dr. Stephanie Shelton,4,15,4,0
Cassandre Deus,4,3,4,0
Victoria Schmick-DiStefano,4,7,4,0
Alena Mecomber,4,5,4,0
Maureen Mccullum,4,10,4,0
Mallory Carr,4,7,4,0
Dr. Stephanie McVea,4,19,4,0
Britt DeLine,4,3,4,0
Sohna Shook,4,11,4,0
Chelsea McGowan,4,5,4,0
Sophia Burke,4,6,4,0
Jeffrey Williams,4,8,3,1
Joe DelGiorno,4,20,4,0
Shaunté  Sherwood,4,6,4,0
Sarah Clark,4,3,4,0
Sheri Milbourne,4,6,4,0
Shanika Sanchez,4,3,4,0
Stella Willson,4,23,4,0
Tyrhonda Phinnessee,4,15,4,0
Sharon Lewis,4,3,4,0
Francesco Rizzo,4,8,4,0
Laura Shepard,4,11,4,0
Chris-James Cognetta,4,10,4,0
Daniel  (Dan) McGivern,4,22,4,0
Jacqueline Clausius -Guthreau,4,15,4,0
Latisha Wilson,4,4,4,0
Risa Mendelson,4,6,4,0
Rita Nzuwah,4,5,4,0
Monica Winbush (McCombs),4,6,4,0
Tashua Dennis,4,10,4,0
Rochelle McGhee,4,12,4,0
Sara Carpenter,4,5,4,0
Dr. Elizabeth Wynter,4,20,4,0
Angela Whitlock,4,8,4,0
JoAnne  Castrechino,4,16,4,0
Telecia Rittiman,4,20,4,0
Lauren Piekarz,4,5,4,0
Carissa Cullumber,4,3,4,0
Jane Williamson,4,34,4,0
Lindsay Scarpate,4,6,4,0
Susan Csank,4,20,4,0
Andrea Cryer,4,5,4,0
Dr. Cindy Cook,4,21,4,0
Meleah Miller,4,6,4,0
Susan Makinson,4,16,4,0
Victoria (Tori) Campbell,4,3,4,0
Jason Patterson,4,10,4,0
Rae Marsh,4,10,4,0
Stacey Werth-Sweeney,4,15,4,0
Marisol Cruz,4,6,4,0
Janelle Butler,4,3,4,0
Pamela Schultz,4,11,4,0
Jacqueline Scolaro,4,17,4,0
Kara Cruz,4,3,3,1
Jennifer Schultz-Price,4,5,4,0
Oriana Marquez,4,5,3,1
Ezrimayr (Ezri) Chioma,4,14,3,1
Grace Marquez,4,18,4,0
Ashley  Coombs,4,5,4,0
Laura Crumley,4,10,4,0
Mary  Reese,4,27,4,0
Gabe Seldess,4,18,4,0
Shannon Powe-Saunders,4,18,4,0
STEPHANIE MURANA,4,5,4,0
Laci Merrell,4,8,4,0
Deondra Crudup,4,8,4,0
Gail Albers,4,27,4,0
Bob Carroll,4,30,4,0
Heather McKenna,4,10,4,0
Jill Maine,4,14,4,0
Janice Maier,4,9,4,0
Charles Allen,4,8,4,0
Naomi Schwartz,4,3,4,0
Jeremiah Dalton,4,11,4,0
Diane Conti,4,18,4,0
Shirley Butler,4,15,4,0
Paula Chouinard-Rinal,4,20,4,0
Monica Pena,4,24,4,0
Njideka Wiggins,4,15,4,0
Dr. Susan Coneybeer,4,27,4,0
Dr. Hillary Schaefer,4,9,4,0
Karen Schwartz,4,8,4,0
Keisha Saunders,4,11,4,0
Nadia Maghsadi,4,4,4,0
Lauretta Akpoyoware,4,6,3,1
Yolanda Patterson,4,10,4,0
Kenita J. Perry-Bell,4,15,4,0
Diane Parrish,4,3,4,0
Alice  Congdon,4,8,4,0
Natasha Patterson,4,11,4,0
Beaullah Chanakira,4,5,4,0
Lucinda Perez,4,18,4,0
Phillip Candland,4,7,4,0
Michelle Serda,4,15,4,0
Emily Mika,4,3,4,0
Kelcey Roberts,4,10,4,0
Graciela Rios,4,10,4,0
Ann Canastra,4,3,4,0
Mary Wiggins,4,17,4,0
Jennifer Campbell,4,13,4,0
Elizabeth Crouse,4,9,4,0
Sharon Albert,4,30,4,0
Marybeth Way,4,12,4,0
Dr. Dr Jan Scott,4,40,4,0
Cheri Counterman,4,10,4,0
Ross Manning,4,14,3,1
Manuela Marin,4,6,4,0
Hilary Coulter,4,3,4,0
Christina Manolatos,4,6,4,0
Phyllis Wood,4,15,4,0
Monica Miller,4,16,4,0
Rozanne Secrest,4,24,4,0
Daniel Caldwell,4,10,4,0
Melissa Coulson,4,3,4,0
Christine Callaway,4,3,4,0
Olga Secgin,4,6,4,0
Dr. Sandra Cortez,4,3,4,0
Dr. Teddie Cox Lance,4,10,4,0
Morgan Crail,4,4,4,0
Ryan Albright,4,5,4,0
Gary Reeves,4,8,4,0
Yolanda Alford,4,10,4,0
Barbara Chase,4,15,4,0
Lindsay Woodbridge,4,6,4,0
Michal Marchette,4,5,4,0
Sara Marchon,4,12,4,0
Shakilah Williams,4,7,4,0
Natalie Alexander,4,6,4,0
Roberta Scott,4,10,4,0
Michael Cotter,4,3,4,0
Sara Wheeler,4,17,4,0
Meagan Ray-Novak,4,10,4,0
Andrea Cotone,4,10,4,0
Dr. Theresa White,4,6,4,0
Sarah Cox,4,12,4,0
Justine Alemany,4,6,4,0
Victoria Coronado,4,3,4,0
Justin Martin,4,4,4,0
Dr. Suzanne Marmo,4,15,4,0
Mark Cadavero,4,24,4,0
Erin Crossley,4,6,3,1
Heather Aschenbrenner,4,4,4,0
Shawn Crossley,4,3,4,0
Meagan Marksbury,4,12,4,0
Paulina  Scaturro,4,4,4,0
Dr. Rhonda Alsobrook,4,28,4,0
Jaclyn Butts,4,6,4,0
Angela Martin,4,7,4,0
Elida Segrera,4,15,4,0
Dr. Llewellyn Cornelius,4,19,4,0
Dr. Michele Manassah,4,25,4,0
Robin Glaser,4,8,4,0
Kyleen Cameron-Burr,4,3,4,0
Jamica Cropper-Pam,4,5,4,0
Allison Cornell,4,9,4,0
Chase McKinney,4,4,4,0
Haley Croney,4,3,3,1
Kerrie Byer,4,5,4,0
Dr. Mary Patton,4,7,4,0
Wanda Cager,4,10,4,0
Sara O'Brian Polniak,4,5,4,0
Michelle Monfort,4,7,4,0
Jason Robertson,4,3,3,1
Jessica Savage,4,5,4,0
Dr. Gurpreet Paul,4,3,4,0
Alyson Whitaker,4,8,4,0
Joseph White,4,3,4,0
David Butler,4,21,4,0
Rachael Woods,4,20,3,1
Jean  Chow,4,27,4,0
Deborah  Webster,4,19,4,0
Dorothea Lotze-Kola,4,12,4,0
Dr. Keith Wilkerson,4,3,4,0
Kaitlyn Schobert,4,5,4,0
Esther Williams,4,3,4,0
Dr. Andrew Perez,4,9,4,0
Rebecca Coleman,4,10,4,0
Jessica Mayo,4,19,4,0
Tianna Burroughs,4,5,4,0
Lauren Sanders,4,5,4,0
Dr. Jared Wilke,4,7,4,0
Lauren Milligan,4,9,4,0
Natasha Phillips,4,5,4,0
Samantha  Ricci,4,3,4,0
Nicholle Lovely,4,12,4,0
Trish Miller,4,18,4,0
Debbie Sardina,4,20,4,0
Dakota Christopher,4,10,4,0
Kaitlyn  McNulty,4,8,4,0
Shira Mehrnia,4,10,4,0
Aleicha Carter,4,15,4,0
Tim McNichol,4,5,4,0
Lourdes Mayes,4,3,4,0
Traci Davis-Taylor,4,11,4,0
Darren Wiley,4,6,4,0
Catalina Ortiz,4,7,4,0
Prof. Larmender Davis,4,20,4,0
Kenyada Maye,4,7,4,0
Kayla Davis,4,14,4,0
Jami Davis,4,5,4,0
Linda Patrick,4,25,4,0
Melinda  Weber,4,8,4,0
Dana Burrell,4,16,4,0
Kendra Chalmers-Wolski,4,15,4,0
Tiffany Williams,4,5,4,0
Lakeytha Clayton,4,3,4,0
Lauren Regalado,4,7,4,0
Janelle DeBlock,4,8,4,0
Dr. Laurie Miles,4,30,4,0
Justin McCammon,4,5,4,0
Dan Chadwick,4,3,4,0
Pamela Merritt,4,10,4,0
Michelle Burnham,4,22,4,0
Latitia Robinson,4,3,4,0
Laquinta Milson,4,3,4,0
Chase Longnaker,4,4,4,0
Trendolyn Davis,4,3,4,0
Mecca (Margaret Rebecca Antonia) Burns,4,30,4,0
Ryann De Souza,4,12,4,0
Theresa McCafferty,4,12,4,0
Tosha Robbins,4,24,4,0
Dolores Clemons,4,9,4,0
Mary Capers,4,4,4,0
Dr. Melanie Webb,4,28,4,0
Karen Lopez-Feliciano,4,22,4,0
Marquita Myrick,4,9,4,0
Rebecca Amundson,4,5,4,0
Emily McBay,4,3,4,0
Otimbum Wilson,4,6,4,0
Elizabeth Abruzzese,4,7,4,0
Dr. Taijah  Davis,4,9,3,1
Jenifer Papaccio,4,5,4,0
Dr. Jeanie Woolledge,4,8,4,0
"J Patrick ""Pat"" Wilson",4,25,3,1
Jessica Sharib,4,3,4,0
Rachel Castle,4,6,4,0
Kimberly Herring,4,12,4,0
Sylvia Lyew,4,10,4,0
Chijioke Robinson,4,9,4,0
Eniola  Dada,4,6,4,0
"Marshall Lynch, Jr.",4,25,4,0
Kerry Schafer,4,10,4,0
Vesta Colvin,4,7,4,0
Sabrina Da Silva,4,9,4,0
Laurie  Shamamy,4,18,4,0
Brett Peppe,4,5,4,0
Regina Mathew,4,9,4,0
Erin Chambers,4,16,4,0
Megan Daniel,4,3,4,0
Beverly Sanders,4,25,4,0
Shantelle Wells,4,15,4,0
Crystal Wilson,4,3,4,0
Sana Akhtar Ramay,4,6,4,0
Jeremy Shain,4,10,4,0
Nicole Cheleotis,4,3,4,0
Parkashdeep  Sandhu,4,15,4,0
Rachel Whitley,4,13,4,0
Joseph Miller,4,17,4,0
Amal Shaheen,4,7,4,0
Michael Rehg,4,3,4,0
Sarah Matas,4,20,4,0
Donald Rindfuss,4,15,4,0
Mallory Schuckert,4,5,3,1
Kate Byrnes,4,15,4,0
Kelly Mata,4,10,4,0
Jocelyn Patterson,4,4,4,0
Lena Allen,4,20,4,0
Kathy Daniher,4,20,4,0
Adalheidur (Ally) Dagbjartsdottir,4,5,4,0
Shelly Sanders,4,3,4,0
Barbara Schuver,4,13,4,0
Nicole Wiley,4,13,4,0
Dr. Phillip Ludwig,4,19,4,0
Heidi Schreck,4,3,4,0
Pamela Regan,4,26,4,0
Andrea Burton,4,22,4,0
Kristy Weeks,4,9,4,0
Steven Carlson,4,36,4,0
Sue Wildermann,4,18,4,0
Meghan Matthews,4,3,4,0
Randall Weeks,4,23,4,0
Dr. Chinell Collins,4,8,4,0
Mallory Carlson,4,3,4,0
Eden Matthews,4,20,4,0
Dr. Gregory Mavrides,4,40,4,0
Thomas  (Thom) Wilder,4,30,4,0
Elisabeth Welch,4,7,4,0
Whitney Cherner,4,10,4,0
Katherine Ambriz,4,9,4,0
Elizabeth Burton,4,7,4,0
Allen Busby,4,10,4,0
Sunnie Lumpkin,4,10,4,0
Dr. Hakeem Lumumba,4,39,4,0
Violeta Luna,4,5,4,0
Brittany Robinson,4,5,4,0
Contrina Wilcox,4,3,4,0
Jane Busch,4,22,4,0
Ben Roberts,4,3,4,0
Dr. Antonio Robinson,4,8,4,0
Melissa Dahlgren,4,7,4,0
Victoria Yackevicz,4,7,4,0
Judson Haynes,4,11,4,0
Lisa Leogrande,4,3,4,0
Orli Ginsburg,4,5,4,0
Nicole Barhorst,4,7,4,0
Dana Jennings,4,12,4,0
Kristin Trudeau,4,12,4,0
Mallory Garrett,4,6,4,0
Teresa Gehman,4,25,4,0
Adare Toral,4,3,4,0
Brenda Truax,4,20,4,0
Nicole Barksdale,4,8,4,0
Beverly Jefferson,4,15,4,0
Mary (Molly) Barletta,4,5,4,0
Kristin Jessee Davis,4,8,4,0
Elizabeth Stanley,4,4,4,0
Victoria Geter,4,15,4,0
Jen Novis,4,10,4,0
Erica Gilliams,4,3,4,0
Sara November,4,13,4,0
Charlie Janski-Ogunfidodo,4,12,3,1
Erin Jansen,4,13,3,1
Chandel Tommola,4,6,4,0
Dr. Jaclyn Boyd,4,10,4,0
Aida Qasim,4,15,4,0
Kadian  James,4,8,4,0
Gretchen Tome,4,15,4,0
Anne Reynolds,4,3,4,0
Kelly Trawczynski,4,3,4,0
Adele Barnes,4,5,4,0
Joey Garner,4,20,4,0
Jamie  Gaskin,4,3,4,0
Maria Reymundo,4,6,4,0
Lakiesha Russell,4,3,4,0
Michael  Brackett,4,7,4,0
Britney Simpson,4,3,4,0
Pamela Johnson,4,9,4,0
Jordan  St.Pierre,4,6,3,1
Dr. Lou Bordisso,4,34,3,1
Kathy Reynolds,4,11,4,0
John Nweke,4,6,4,0
Felicia Torres,4,3,4,0
Michelle Johnson,4,7,4,0
Obioha Nwabugwu,4,5,4,0
Kristen Barefield,4,10,4,0
Matthew Russell,4,6,4,0
Joseph Barnes,4,17,4,0
Danyale  Johnson,4,10,4,0
Benjamin Jensen,4,3,4,0
Dr. Lyndsey Motarefi,4,5,4,0
Christy Booze,4,4,4,0
Angel Mothka,4,3,4,0
Kristi Garrison,4,18,4,0
Hannah Gibson,4,5,4,0
Laronne James,4,3,4,0
Allyson Foster,4,3,4,0
Lisa Gibson,4,6,4,0
Gigi Muir,4,25,4,0
Deedra Ivie,4,7,4,0
Kathleen Rushing,4,15,4,0
Natalie Norrell,4,3,4,0
April Bolin,4,25,4,0
SALLY RUOCCO MCDONALD,4,20,4,0
Ruth Jackson,4,16,4,0
Lakisha Gomez,4,7,4,0
Mary Norman,4,3,4,0
Jamie Steglic,4,6,4,0
Megan Gonyer,4,8,4,0
JESSICA ZOTTOLI,4,3,4,0
Dr. Antimoore  Jackson,4,38,3,1
Molly Irwin,4,3,4,0
Heidi Bode,4,9,4,0
Chartrice Thorne,4,17,4,0
Aisha Thorn,4,7,4,0
Catherine Thorington,4,5,4,0
Darcy Scott,4,7,4,0
Samantha Bolden,4,3,4,0
Pedro Inoa,4,12,4,0
Dzenana Tiric,4,15,4,0
Jenna Simpson,4,5,4,0
Vanessa Glatt,4,4,4,0
Katie Thornton,4,3,4,0
Dr. Mia Bartoletti,4,15,4,0
Megan Thorry,4,4,4,0
Dr. David Barrera,4,16,4,0
Danielle Bonner,4,19,4,0
Noel James,4,20,4,0
Yvonne Russ,4,21,4,0
Emelia Thygesen,4,6,4,0
Ronda Williams,4,3,4,0
Natalie Thwing,4,13,4,0
Erin Gish,4,3,4,0
Laura Goergen,4,18,4,0
Michael Mudgett,4,,4,0
Tracie Giffin,4,16,4,0
La Chandra  Bartholomew-Jones,4,11,4,0
Karen Thorpe,4,25,4,0
Dr. Daniel Goldberg,4,3,4,0
Samantha Golden,4,3,4,0
Myisha Jackson,4,3,4,0
Brandy West-Bey,4,3,4,0
Sara Giles,4,3,4,0
Anthony  Jackson,4,6,3,1
Crystal Norris,4,4,4,0
Mirinda Bolton,4,12,4,0
Stefanie Goldman,4,8,4,0
Letitia Trent,4,3,4,0
Jaime Barbosa,4,12,4,0
Sean Gardner,4,6,4,0
Mary Russell-Wright,4,10,4,0
Linda Spalding,4,27,4,0
Angela Turner,4,12,4,0
Mandy Leonards,4,13,4,0
Dan Balassone,4,7,4,0
Gayle Porter,4,7,4,0
Aleta (Deonne) O'Quinn,4,9,4,0
John Joslin,4,33,4,0
Brett Zelencik,4,9,4,0
Justyna Porter,4,7,4,0
Erica Balch,4,3,4,0
Morgan Futrell,4,4,4,0
Tracy Bowens,4,3,4,0
Samara Quintero,4,6,4,0
Christopher Gabel,4,4,4,0
Amber Jones-Moore,4,11,4,0
Zoe Avalon,4,12,4,0
Francis (Dunn) Jones III,4,19,4,0
Theldon Fryberger,4,21,4,0
Darren Turituri,4,16,4,0
Agathe Gabriel,4,4,4,0
Jennifer Gadberry,4,18,4,0
Stephanie Zeman,4,3,4,0
Preston Jones,4,15,4,0
Terri Spain,4,5,4,0
Pamela Jules,4,8,4,0
Natalie Quiring-Oleson,4,5,4,0
Karena Franses,4,25,4,0
Brittany Kai,4,3,4,0
Ronald Sabadish,4,30,4,0
Emily Kahn,4,5,4,0
Lindsay Sorbo,4,7,4,0
Richard Turnham,4,11,4,0
Heather Kangur,4,15,4,0
Jessica Ochei,4,3,4,0
Catalina Prebisch,4,10,3,1
Kristen Tryniszewski,4,7,4,0
Jennifer Sotolongo,4,5,4,0
Mary Kaul-Black,4,24,4,0
Dr. Athena Porter,4,21,4,0
Sydney Soucek,4,3,4,0
Sarah Kane,4,3,4,0
John Souchak,4,3,4,0
Krista Kachich,4,4,4,0
Dr. Elizabeth Kane,4,11,4,0
Susie Baker,4,3,4,0
Derek Bowers,4,3,4,0
Kelly Brandsgaard,4,10,4,0
Christine Ryan,4,40,4,0
Dr. Katherine Souza,4,23,4,0
Connie O'Marra,4,21,4,0
Shonnia Spears,4,3,4,0
Shannon Julianne Toy,4,4,4,0
Megan Johnson,4,10,4,0
Dr. Jennifer O'Brien,4,12,4,0
Jamie Morrison,4,3,4,0
Megan Morrison,4,3,4,0
Gwen Sperling,4,30,4,0
Zakia Johnson,4,20,4,0
Frank Sreshta,4,3,4,0
Deboraha Johnson,4,17,4,0
Jayne Bannish,4,26,4,0
Robin  Johnson,4,12,4,0
Paola Garcia,4,3,4,0
Dr. Richarne Fuqua,4,17,4,0
Dr. Delsa Johnson-Waddell,4,13,3,1
Shawna Morrison-Flood,4,10,4,0
Marsha Johnson,4,15,4,0
Alma Nicole Garcia Duarte,4,6,4,0
Jacquelyne Johnson,4,6,4,0
Chalene Gardenhire,4,10,4,0
Sandra Treston,4,15,4,0
Shivani Borhara,4,5,4,0
Yanitza Quiles,4,10,4,0
Christopher Johnson,4,9,4,0
Dr. Kathleen Tresness,4,8,4,0
Jaret Romano,4,3,4,0
Tim Quinn,4,8,4,0
Debra Tripp,4,20,4,0
Patrick Boursiquot,4,23,4,0
Jessica Townsend,4,3,4,0
Jim Townsend,4,12,4,0
Karen Galvin,4,25,4,0
Chanell Gaines,4,10,4,0
Katie O'Connor,4,8,4,0
Jessica Balmir,4,7,4,0
Ashby Gaines,4,3,4,0
Hadia Zarzour,4,20,4,0
Desiree  Gaines,4,3,4,0
Rebecca Galdo,4,3,4,0
Dr. Rozalin  Banafsheian,4,3,4,0
Dr. Alicia Bosley,4,11,4,0
Dr. Nichole Jones,4,15,4,0
Danielle Jones,4,4,4,0
Sonya Fuller,4,28,4,0
Kathleen O'Connell,4,7,4,0
Tynisha Jointer,4,3,4,0
Carla Jones,4,26,4,0
Lecia Fuller-Martin,4,10,4,0
Stephanie Tucker,4,6,4,0
Melissa Romain,4,10,4,0
Dr. Verda Bradley,4,30,4,0
Emily Gonzalez,4,3,4,0
"William ""Bill""  Blundell",4,10,4,0
Chinenye Ikeme,4,5,3,1
Tandy Hale,4,9,4,0
Bruce Hall,4,10,4,0
Donisa Hammond,4,7,4,0
Claudia Herrera,4,10,4,0
Ashley Neuhauser,4,3,4,0
Laura Hall,4,7,4,0
Justin Hammons,4,3,4,0
Kathryn Hall,4,4,4,0
Dr. Michael Trexler,4,9,4,0
Adrienne Harding,4,7,4,0
Brooke  Stuck,4,9,4,0
Marian Stuckey,4,6,4,0
Keynia Hardley,4,5,4,0
Laurissa Hampton,4,7,4,0
Jeff Hardy,4,3,4,0
Dolores Beynor,4,39,4,0
Cynthia Beishir,4,15,4,0
Deja Harford,4,10,4,0
Elizabeth  Bevers,4,8,4,0
Victoria Haltom,4,4,4,0
Amanda Hand,4,10,4,0
Tanya Hargrove,4,20,4,0
Marsha Richards,4,6,4,0
Tiffany Graham,4,6,4,0
Rebecca Higgenbotham,4,7,4,0
G’Nell Hall,4,15,4,0
Carlos Taylor,4,4,4,0
Jenni Hockenberry,4,3,4,0
Tammy Holland,4,14,4,0
Paulette Blais,4,35,4,0
Rayna Terry-Taylor,4,20,4,0
Dr. Janell Royster,4,3,4,0
Dr. Kim Hoffman,4,24,4,0
Linda Hanley-Thomas,4,17,4,0
Michelle Hoff,4,3,4,0
Robert Powell,4,7,4,0
Marva Beckford,4,15,4,0
Kathy Stringfellow,4,10,4,0
Stephanie Richardson,4,5,4,0
Michael Biederman,4,12,4,0
Natalie Napolitano-Navarra,4,30,4,0
Mark Bigley,4,15,4,0
Jeremy O'Conner,4,10,4,0
Cory Hloska,4,10,4,0
Suzanne Hamilton,4,23,4,0
Azizi Hamilton,4,4,4,0
Nina Wilson,4,3,4,0
Sharona Herskovits,4,10,4,0
Michelle Ugolini,4,35,4,0
Nerine Hansen,4,10,4,0
Dr. Hallie Harper,4,20,4,0
Tamara Herl,4,28,4,0
Dr. Brandon  Printup,4,3,4,0
Maxine Sutton,4,4,4,0
Dayna Adams,4,3,3,1
Rosemary Szmyd,4,6,4,0
Gayle Henry,4,12,4,0
Tara Beckett,4,10,4,0
Susan Hart,4,7,4,0
Kat Nydam Olivier,4,14,4,0
Heather  Hawkins,4,8,4,0
Debra Rice,4,14,4,0
Mica Richards,4,8,4,0
Rebecca Neff,4,5,4,0
Kierra Brown,4,5,4,0
Lyndsey Harrison,4,9,4,0
Jennifer Hayden,4,18,4,0
Carey Bergeron,4,6,4,0
Jennifer  Hayes,4,18,4,0
Chastity Hayes,4,3,4,0
Prof. Kimberly Swanson,4,5,4,0
Beverly Rousseau,4,11,4,0
Lar'Mara  Henderson,4,20,4,0
Michaela Haynes,4,3,4,0
Jodi Nelan,4,10,4,0
Katherine Henderson,4,27,4,0
Antranique  Neblett,4,10,4,0
Andrea Bernstein,4,6,4,0
Adrianna Harrell,4,5,4,0
Robin Middough,4,10,4,0
Laura Harrington,4,7,4,0
Janai Harris,4,8,4,0
Antoinette Bell,4,3,3,1
Mickila Harris,4,3,4,0
Brandi Bentrim,4,20,4,0
Deaja Hines,4,3,4,0
Barbara Bell,4,12,4,0
Bernette Harris,4,37,4,0
Arisza Hillman,4,13,4,0
Payal Sud,4,10,4,0
Shonda Harris,4,16,4,0
Shani Nealy,4,3,4,0
Ann Talbott,4,8,4,0
Kay Hill Stargill,4,26,4,0
Amanda Hill,4,5,4,0
Gia Hepfler,4,14,4,0
Kaleesha Bent,4,8,4,0
Kei Powers,4,3,4,0
Carlos Bello,4,5,4,0
Dr. Chad Nelson,4,25,3,1
Shariece Hastings,4,7,4,0
Megan Neal,4,3,4,0
Brooke Powell,4,6,4,0
Kristen Hale,4,18,4,0
Marie Bates,4,20,4,0
Katherine Hogsett,4,6,4,0
Kim Hurley,4,20,4,0
Monica Grey,4,27,4,0
Kingsley Grant,4,12,4,0
Laura Stephenson,4,8,4,0
Jessica Hupf,4,10,4,0
Karina Grant,4,10,4,0
Coretta Green,4,3,4,0
Pamela Huckaby,4,3,4,0
Ellen Grant,4,29,4,0
Aimee Nimeh,4,15,4,0
Kizzy Thomas,4,3,4,0
Julie Thompson,4,14,4,0
Kelly Boggiano,4,3,4,0
Brian Hunt,4,15,4,0
Latonia Griffin,4,5,4,0
Jasmine Griffin,4,3,4,0
Tofani Grava,4,5,3,1
Melanie  Griffin,4,12,4,0
Ashley Tierno,4,8,4,0
Jonathan Hunn,4,15,4,0
Kelsey Huberty,4,8,4,0
Sara Griffith,4,20,4,0
Kenisha Graves-Drayton,4,4,4,0
Dr. Karin Hudson,4,15,3,1
Pilar Greto,4,12,4,0
Elizabeth Baxt,4,3,4,0
Jeanetta Thomas,4,5,4,0
Lida Bates,4,15,4,0
Anna Black,4,25,4,0
Christina  Tinker,4,7,4,0
Elizabeth Black,4,4,4,0
Felix Murad,4,5,3,1
Tracy Rose,4,3,4,0
Patricia Bathie,4,22,4,0
Dr. David Gosling,4,6,4,0
Liz Hummert,4,16,4,0
Martine Got,4,20,4,0
Rosalind Graham,4,16,3,1
Francis Bax,4,25,3,1
David Gottlieb,4,30,4,0
Karee Bohman,4,3,4,0
Meridith Graham,4,3,4,0
Rachel Rosen,4,10,4,0
Mayra Granados,4,3,4,0
John Thomas,4,5,4,0
Tracie Stewart,4,9,4,0
Angelique Murguia,4,3,4,0
Susan Tigner,4,12,4,0
Ashly Huffstatler,4,5,4,0
Dina Richardson,4,10,4,0
Matthew Stevens,4,6,4,0
Elizabeth Gray,4,20,4,0
Samantha  Gutierrez,4,8,3,1
Tamara Blau,4,10,4,0
Sonia Blanton,4,4,4,0
Brittany  Beach,4,4,4,0
Estela Guardo,4,7,4,0
Jacquelyn Tecmire,4,9,4,0
Melissa Guarnaccia,4,11,4,0
Sarah Hope,4,3,4,0
Megan Hoon,4,11,4,0
Hope Holman,4,9,4,0
Erin Holm,4,15,4,0
Mareo Hood,4,22,4,0
Jeremy Horn,4,9,4,0
Allison Storm,4,3,4,0
Ethlyn Holly,4,7,4,0
Kathlyn Guerrero,4,4,4,0
Danielle Guerrero,4,3,4,0
Katherine Beck,4,7,4,0
Dr. Daniel Holdwick,4,25,4,0
Victoria Naginsky,4,3,4,0
Jessica Hahn,4,7,3,1
Sangeetha Nair,4,5,4,0
Monica Birsen,4,20,3,1
Aaron Horn,4,8,4,0
Krista Stone,4,20,4,0
Candace Ross,4,27,4,0
Wendy  Eddy,4,22,4,0
Georgette Greer-Brewer,4,3,4,0
Terri Thomas,4,16,4,0
Dr. Angela Stillman,4,10,4,0
Tashima Thomas,4,20,4,0
Elizabeth  Stivers,4,12,4,0
April Howard,4,8,4,0
Terrie Hailey,4,10,4,0
Tammy Nguyen,4,10,4,0
Deborah Bledsoe,4,17,4,0
Cassandra Hovet,4,6,4,0
Dr. Joseph Grochowski,4,34,4,0
Jennifer Hornberger,4,3,4,0
Christina Greaves,4,30,4,0
Michael Hotz,4,3,3,1
Hai Nguyen,4,9,4,0
Wilson Bezerra-Flanders,4,20,4,0
Petra Gross,4,5,4,0
Dr. Thanh  Ngo,4,3,4,0
Tracy Hacker,4,5,4,0
Nicole Guincho,4,16,3,1
Louvenia Locklear,4,3,4,0
Benjamin Ng,4,5,4,0
Avi Zadaka,4,5,4,0
Constance Rojas Macy,4,21,4,0
Roberta Tvenstrup,4,25,4,0
Dr. Kelly  Lafever,4,6,4,0
Taryn Edmondson,4,6,4,0
Michelle Lake,4,10,4,0
Jill Ott,4,21,4,0
Shannon Young,4,22,4,0
Melissa Visconti,4,9,4,0
Adrianna Brown,4,5,4,0
Kim Elliott,4,30,4,0
Sandra Oteri,4,18,4,0
Fay Slusher,4,20,4,0
James  Elliott,4,20,4,0
Jeanette Salinas,4,30,4,0
Nicole Edmonds,4,11,4,0
Julianne Olivier,4,3,4,0
Jennifer Moon,4,18,4,0
Marina Viola,4,3,4,0
Jessica Vetreno,4,10,4,0
Fernando Vinuela,4,16,4,0
Paige Smart,4,5,4,0
Damien Wade,4,8,4,0
Brianna O'Connor,4,4,4,0
Heather Oster,4,4,4,0
Elissa Smilowitz,4,20,4,0
Dr. Ime Ekong,4,13,4,0
Aquantonette Slaughter,4,6,4,0
Rebecca Goodwin,4,12,4,0
Christy Videon,4,7,4,0
Alan Montes,4,7,4,0
Sarah Skibsted,4,5,4,0
Jannedra' Ebanks,4,7,4,0
Tami Skifstad,4,3,4,0
Lindsey Rodriguez,4,3,4,0
Loretta Eberle,4,3,4,0
Shannon Gaskell,4,7,4,0
Dr. Floyd Phillips,4,30,4,0
Yvette  Skope,4,6,4,0
Amanda Lambert,4,13,4,0
Wilfred Krenn,4,11,4,0
Christi Young,4,6,4,0
Theresa Otu,4,8,4,0
Kimberly Eichelberger-Searcy,4,5,4,0
Klara Brown,4,20,4,0
Kathryn Vicks,4,5,4,0
Amelia Slama,4,5,4,0
Dr. Ethan Eisen,4,10,4,0
Emily  Otten,4,5,4,0
Tina Phillips,4,31,4,0
Laurie Laman,4,4,4,0
Kassie Brown,4,5,4,0
Krystal Smith,4,11,4,0
Stacey  Smith,4,7,4,0
Rebecca Farlow,4,20,4,0
Ashlee Albart,4,8,4,0
Kim  Epperly,4,20,4,0
Chelsea Erb,4,3,4,0
Dr. Heeyoung Koresko,4,24,4,0
Monet Smith,4,4,3,1
Karen Smith,4,3,4,0
Neta Korem,4,10,4,0
Victoria Orbe,4,5,4,0
Monica Erk,4,12,3,1
Abraham Knowles,4,25,4,0
Dr. Henry Venter,4,24,4,0
Toni Escamilla,4,10,4,0
Dr. Moises Ramy,4,30,4,0
Dr. Woodrow Roeback,4,25,4,0
Nicole Aucoin,4,6,4,0
Marvin Merriweather,4,3,4,0
Beverly Knighten,4,20,4,0
Stephen Brown,4,3,4,0
Euridice  Velasco Miranda,4,4,4,0
Evan Oppenheimer,4,,4,0
Terrence Salley,4,3,4,0
Angelamaria Riedi,4,6,4,0
Cally Kontos,4,11,4,0
Jennifer Kos,4,22,4,0
Brittany Moore,4,7,4,0
Johnna Ortega,4,18,4,0
Kendale Brown,4,3,4,0
Christina Kunisch,4,9,4,0
Alex Villarreal,4,3,4,0
Sabrina Esper,4,3,4,0
Latise Moore,4,5,4,0
Charlene Esquilin,4,7,3,1
Dr. Brian Esterling,4,30,4,0
Tabitha Foster,4,3,4,0
Sharon Esters,4,5,4,0
Marie Grace,4,10,4,0
Jennifer Estrada,4,8,4,0
Brandon Haygood,4,7,4,0
Dr. Ellen Koski-Ponton,4,30,4,0
Thomas Eno,4,38,4,0
Jade Dodde,4,3,4,0
Jill Brown,4,15,4,0
Deborah Klinnert,4,5,4,0
Jennifer Osborne,4,14,4,0
Javai  Evans,4,7,4,0
Kimberly  Kostelnik,4,15,4,0
Lisa Kosley,4,17,4,0
Peyton Kline,4,20,4,0
Dr. Doris Atanmo-Strempek,4,12,4,0
Kristy Eaton,4,3,4,0
Jewrine Brown,4,10,4,0
Dr. Keshia Easterling,4,10,4,0
Joanne Yen,4,7,4,0
"Mary ""Cathy"" Leger",4,6,4,0
Michael (Mike) Wallington,4,44,4,0
Robert Sibley,4,6,4,0
Andrew Wallick,4,9,4,0
Becky Pletzer,4,10,4,0
Julie Bullock,4,12,4,0
Amanda Leftridge,4,3,4,0
Jessica Bullock,4,,4,0
Melinda Siders,4,8,4,0
Kelly Wallace,4,9,4,0
Katrina Lee,4,11,4,0
Michael Wallner,4,21,4,0
Karen Bryans,4,7,4,0
Martinette Douglas,4,10,4,0
Kerri Moll,4,11,4,0
Molly Rafferty,4,28,4,0
Vanessa Lee,4,7,4,0
Christel Walker,4,9,4,0
Liz Buford,4,3,4,0
Kelsey Sillerud,4,5,4,0
Rebecca Padgett,4,3,4,0
Sean Doyle,4,8,4,0
Dr. William  Dobson,4,20,4,0
Jody Dorman,4,20,4,0
Amber Eason,4,10,3,1
Dr. Hans Reihling,4,7,4,0
Kathleen  Levy,4,43,4,0
Ashley Pimentel,4,15,4,0
Faryn  Bryant,4,4,4,0
Mesheka  Lowers,4,3,4,0
Lynn DiFatta,4,10,4,0
Kaitlin Short,4,7,4,0
Shalaine Mistretta,4,5,4,0
Shanna Dominguez,4,3,4,0
Dr. Dorothy Warner,4,11,4,0
Tami Ditkoff,4,6,4,0
Cherie Ditmer,4,5,4,0
Tinisha Samuel,4,5,4,0
Teisha Levi,4,6,4,0
Jarbriel Bryant,4,6,4,0
Jeffrey (Jeff) Dixon,4,8,4,0
Tiffany Mohr,4,3,4,0
Katy Shuck,4,11,4,0
Dr. Michael Leiker,4,20,4,0
Keri Davis,4,10,4,0
Sara Shuck,4,7,4,0
Nancy Donworth,4,3,4,0
Karen Shulman,4,23,4,0
Tracy Walker,4,9,4,0
Joshua Doyle,4,4,4,0
Jill Lebenson,4,20,4,0
Stefani Dzikiy-Wasil,4,14,4,0
Chelsea VonderHaar,4,5,4,0
Adriana Lara,4,6,4,0
Alexandria Lara,4,3,4,0
Bridget Browner,4,20,4,0
Ashlee Arnett,4,3,4,0
Thomas Dwyer,4,6,4,0
Shona Dyche,4,14,4,0
Melissa Dye,4,16,4,0
Raven  Brown-McKinney,4,3,4,0
Cheri Sinnott Springer,4,15,4,0
Amber Clark,4,3,4,0
Margret Reinmann,4,5,4,0
Stacie Dziuk,4,5,4,0
Jessica  Owen,4,8,4,0
Priscilla Montelongo,4,7,4,0
Lauren Eagle,4,5,3,1
Katherine Pinyan,4,28,4,0
Quinn Landes,4,6,4,0
Dr. Ronica Arnold Branson,4,18,4,0
Courtney Lancianese,4,5,4,0
Erin Easley,4,11,4,0
Michelle Volz,4,25,4,0
Tracey Singer,4,14,4,0
Lee Monahan,4,21,4,0
Alexandra Laramee,4,14,3,1
Valerie Larkin,4,4,4,0
Lisa Draper,4,3,4,0
Stephanie Silva,4,14,4,0
Ashley Samonte,4,9,4,0
Harvey Pacht,4,3,4,0
Liany Pacheco,4,5,4,0
Ashley Escalante,4,16,4,0
April Murray-Bravo,4,4,4,0
Lei-Ann Bridges,4,3,3,1
Lisa Angel,4,19,4,0
Shaunese Dumas,4,6,3,1
Dr. Sarah Barwick,4,8,4,0
Anne Brubacher,4,20,4,0
Grace Ozuna,4,3,4,0
Prof. Elaine Walker,4,20,4,0
Jennifer Lash,4,6,4,0
Dr. Nathan Miller,4,3,4,0
Hannah  Larson,4,11,4,0
Jill Duffy,4,14,4,0
Gretchen Law,4,29,4,0
"Dr. Margaret ""Betsy"" Vonk",4,20,4,0
Alexandra Durdon,4,4,4,0
Ophelia  Opoku  Acheampong,4,5,4,0
Christina Wall,4,7,4,0
Holly Fox,4,3,4,0
Adrienne Van Es,4,6,4,0
Janet Ferrell,4,37,4,0
Sarah Brino,4,13,4,0
Dr. Katherine Ferrara,4,12,4,0
Erin Riedel,4,8,4,0
Stephanie Olaso,4,4,4,0
Dennis Foose,4,25,4,0
John Uriarte,4,3,4,0
Angelina Valdespino,4,8,4,0
Kynan Kinley,4,5,3,1
Elizabeth Bridges,4,38,4,0
Ebony Yelder,4,20,4,0
Dr. Mary  Fawcett,4,10,4,0
Tiffany Bridgers,4,3,4,0
Aimee Young,4,5,4,0
Kim Ferren,4,3,4,0
Shiresse  Brewington,4,15,4,0
Obaogodara  Oluwasanmi,4,4,4,0
Lysbeth Moore,4,13,4,0
Liz Bricker,4,5,4,0
Andrew Kohlhepp,4,7,4,0
Ewa Florczak,4,7,4,0
Tanya Tyrrell,4,5,4,0
Virginia Smith,4,18,4,0
Laura Kluss,4,5,4,0
Becky Sachdeva,4,3,4,0
Esther Kennedy,4,35,4,0
Danielle Pompey-Plummer,4,20,4,0
Carrie Farmer,4,3,4,0
Michelle Snapp,4,5,4,0
Barbara Ferri,4,6,4,0
Michelle Kimmerly,4,10,4,0
Crystal Ulibarri,4,8,4,0
Sdhari King,4,18,4,0
Dr. Kathleen Bailey,4,20,4,0
India Young,4,11,4,0
Terrence Fenderson,4,12,4,0
Melissa Morais Parr,4,11,4,0
Raiza Felicitas,4,4,3,1
Lynda Feldt,4,4,4,0
Robyn Smith-McLeish,4,9,4,0
"Satwant ""Swan"" Khanna-Salehi",4,22,4,0
Aquila Rives,4,3,4,0
Brittney  Young,4,8,4,0
Sherri Brothers,4,15,4,0
Paige Smith-Wyatt,4,22,3,1
Rasheeka Fogg,4,8,3,1
Dr. Alice Fitzgerald,4,13,4,0
Dr. Rose Ann King,4,12,4,0
Dr. Cherie Bridges Patrick,4,15,4,0
Dawn Smitley,4,8,3,1
Becky Olson,4,7,4,0
Meghann Valencia,4,7,4,0
Shari Ketzer,4,13,4,0
Anna Keller,4,3,4,0
Megan Keller,4,16,4,0
Cody Broussard,4,5,3,1
Carol Van Dusen,4,3,4,0
Ellen Kielbasa,4,3,4,0
Katherine Kientzle,4,12,4,0
Brittany Fitzgerald,4,11,4,0
Susan Fox,4,37,4,0
Janet Rogers,4,35,4,0
Dr. & Mrs. Gayle Branson,4,4,4,0
Lisa Knight,4,12,4,0
Lizabeth Flink,4,22,4,0
Barclay Kenyon,4,15,4,0
S. Kelli Forsythe,4,10,4,0
Amy Kemp-Wellmeier,4,21,4,0
Sarah Ortiz,4,3,4,0
Kristi Ayer,4,7,4,0
Jennifer  Franck,4,20,4,0
Hilary Brodsky,4,20,4,0
Vanessa Valles,4,10,4,0
Jane Fortune,4,20,4,0
Charlotte Fletcher,4,3,4,0
Scott Smith,4,3,4,0
Jill Fenner,4,4,4,0
Kristina Kelly-Snow,4,7,4,0
Emily Kalinowski,4,5,4,0
Sherry Farrell,4,3,4,0
Lisa Kim,4,25,4,0
Laura Sollenberger,4,27,4,0
Norie Rogers,4,3,4,0
Monica Kale,4,6,4,0
Chelsea Kemper,4,12,4,0
Patricia Keown,4,40,4,0
"Jennifer ""Jeni"" Kolstad",4,3,4,0
Julie Knausenberger,4,10,4,0
Suzanne Knapp,4,10,4,0
Nestor Flores,4,10,4,0
Dr. Cindy  Keene,4,10,4,0
Karla Smith,4,28,4,0
Sarah Pommier,4,8,4,0
Denese Faulkner,4,10,4,0
Tracy Augustin,4,3,4,0
Angela Farmer,4,3,4,0
Kevin  Knack,4,4,3,1
Debra Younger,4,7,4,0
Jen Farrell,4,5,3,1
Karla Brockman,4,35,4,0
Helen (Liz) Howerton,4,3,4,0
Kellie Kennedy,4,9,4,0
Cynthia Rogers,4,14,4,0
"Amanda Faulk, MA",4,10,4,0
Rebecca Bright,4,8,4,0
Anke Kalaiah,4,12,3,1
June Smith,4,3,4,0
Angela Sadler,4,3,4,0
Sus Austill,4,28,4,0
Kelly Broderick,4,5,4,0
Rachel Moran-Brown,3,9,3,0
Michael Owens,3,7,3,0
Carey Parrott,3,10,3,0
Dr. Melanie Mitchell,3,12,2,1
Herbert Rowland,3,25,3,0
Kim Parker,3,7,3,0
Jonathan Riffey,3,9,3,0
Elizabeth  Potts,3,30,3,0
Samantha Sammis,3,3,3,0
Danica Reuter,3,8,3,0
Jeanne Miller,3,6,3,0
Janesta Nairn,3,7,3,0
Tonya Randolph,3,3,3,0
Emily Pray,3,8,3,0
"Dawn Napiorkowski, LCSW",3,6,3,0
Samantha Napoli,3,6,3,0
Lauren  Sandulli,3,3,3,0
Molly Ozeri,3,7,3,0
Diana Mladenovic,3,3,3,0
Jacqueline Salter,3,5,3,0
Raquel Pace,3,3,3,0
Megan Roy,3,3,3,0
Sammie O'Neal,3,3,3,0
Leah Pace,3,4,2,1
Tonya Powell,3,14,3,0
Monisha Mitchell,3,16,3,0
Jennifer Rice,3,20,3,0
Danielle Pompili,3,6,3,0
Stacy Paskvan,3,15,3,0
Sarah Oliva,3,6,3,0
Dr. Denna Sanchez,3,25,3,0
Megann Rogers,3,6,3,0
Hillary Phillips,3,4,3,0
Kari Gila Sacks,3,21,2,1
Dr. Georgia Robertson,3,20,3,0
Katherine November,3,,3,0
Elizabeth Oldham,3,3,3,0
Christine Morris,3,11,3,0
Raven Neal,3,9,3,0
Rachel Phillips,3,15,3,0
Jessica  Pakatar,3,10,3,0
Erin Mendoza,3,10,3,0
Ana  Sanches,3,3,3,0
Dr. Meaghan Rice,3,3,3,0
Tomius  Neal,3,3,3,0
Jon Mitchell,3,5,3,0
Vanity Ray,3,16,3,0
Kelly Mitchell,3,9,3,0
Charlene Ray,3,35,3,0
Dr. Jeffrey Rodman,3,18,3,0
Misty Moler,3,13,3,0
Dr. Dr Remy  Nelson,3,19,3,0
Judy Thomas,3,16,3,0
Amy Morgano,3,20,3,0
Richard Ramirez,3,30,3,0
Jessica Oblock,3,3,3,0
Cadie Robertson,3,5,3,0
Deanna Sabur,3,3,3,0
Bill Santer,3,23,3,0
Natalie Ragus,3,3,3,0
Alyssa Prohaski,3,3,3,0
Rachael Paulbeck,3,3,3,0
Stefanie  Palmer,3,10,3,0
Llewellyn Morgan,3,21,3,0
David Routly,3,15,3,0
Monica Pitek-Fugedi,3,12,3,0
Amy S Jones,3,12,3,0
Tiffany Reves,3,15,3,0
Kimberlie Miller,3,14,3,0
Cynthia Odell,3,5,3,0
Sylvester Ojeah,3,23,3,0
Miranda Pitonak,3,4,3,0
Jeannie Morrow,3,20,3,0
Regina Peirce,3,8,3,0
Silvana Padmanabhan,3,17,3,0
Dr. Kristin Powell,3,15,3,0
Daniel Petersen,3,20,3,0
Diana Padilla,3,12,3,0
Nita Prasad,3,17,3,0
Brittany Pellegrino,3,3,3,0
"Dr. Leslie  ""Les"" Netland",3,30,3,0
Mallory Pambianchi,3,10,3,0
Jill Miller,3,13,2,1
Rachel  Packer,3,6,3,0
Gabriela  Rowinsky,3,8,3,0
Ena Pena,3,4,3,0
Rebecca (Becky) Ramer,3,7,3,0
Dr. Emilia O'Neill,3,20,3,0
Haley Myers,3,7,3,0
Marco Prospero,3,10,3,0
Mallory Sample,3,10,3,0
Melonie Pinder,3,4,3,0
Rita Molestina,3,4,3,0
Mary Santeufemia,3,40,3,0
Brian Permenter,3,10,3,0
Tyson Miller,3,13,3,0
Monique Mercado,3,8,3,0
Dr. Kirsten Ramey,3,15,3,0
Rhonda Mitchell,3,22,3,0
Rebecca Oachs,3,6,3,0
Larry Richards,3,3,3,0
Shirley Power,3,7,3,0
Cory Nelson,3,24,3,0
Laura Myers-Meske,3,36,3,0
Jessica Oakley,3,5,3,0
"Migdalia ""Mimi"" Pierce",3,15,3,0
Rachel Mims,3,3,3,0
Mara Owens,3,3,3,0
Liz Omberg,3,8,3,0
Kathleen Rodriguez,3,6,3,0
Rosemarie Santoro,3,17,3,0
Sabrina Roffman,3,10,3,0
Julie Roffina,3,15,3,0
Jackie  Parisi,3,14,3,0
Dr. Margery Runyan,3,35,3,0
Lindsey Osgood,3,3,3,0
Amber Russell,3,12,3,0
Tahirah Purifoy,3,7,3,0
Dina  Posey,3,10,3,0
Annie Laughlin,3,15,3,0
Kirsten Miller,3,20,3,0
Kathryn Mulcahy,3,3,3,0
Scarlett Meyer,3,4,3,0
Kelly Norris,3,8,3,0
Dr. Susannah Mileshin,3,10,3,0
Dr. John Millerman,3,43,3,0
Dawnavese Sadler,3,3,3,0
Senath Mossallam,3,5,3,0
Monica Peach,3,3,3,0
Dr. Jose Sandoval,3,15,3,0
Nathalie Savell,3,6,3,0
Marjorie Rose,3,5,3,0
Cassandra Quick,3,16,3,0
Anna Ruggirello,3,15,3,0
Heather Replogle,3,7,3,0
Kevin Rose,3,35,3,0
Marilyn Pennington,3,10,3,0
Lori Miller,3,12,3,0
Cheryl Osler,3,10,3,0
Maria Orta,3,3,3,0
Bridget Quebodeaux,3,8,3,0
Stevie Miller,3,5,3,0
Sarah Pogue,3,8,3,0
Ross Meyer,3,25,3,0
Stacy Reynolds,3,3,3,0
Suzanne Orlando,3,11,3,0
Amy Moore,3,3,3,0
Lakeshia Perryman,3,5,3,0
Carolina Onorati,3,5,3,0
Kim Putz,3,9,3,0
Judith Pfaff,3,3,3,0
Lindsay Miller,3,9,3,0
Melissa Ronan,3,16,3,0
Keli Reams,3,7,3,0
Karla Moyse,3,3,3,0
Brittany Sanders,3,8,3,0
Melissa Rookman,3,10,3,0
Kimberly  Norwood,3,23,3,0
Dr. Gregory Price,3,35,2,1
Nancy Miller,3,4,3,0
Amy Penny,3,3,3,0
Allison Novak,3,6,3,0
Ashley Mudrinich,3,11,3,0
Lily  Mudry,3,33,3,0
Majed Saleh,3,8,2,1
Charles Putnam,3,23,3,0
Cindy Richardson,3,18,3,0
Felicia Robblee,3,4,3,0
Kristen Paradise,3,3,3,0
Harvey Norris,3,30,3,0
Travis Pieron,3,4,3,0
Dayanes Rodriguez,3,3,3,0
Junice Nunez,3,9,3,0
Daniel Romo,3,6,3,0
Brianna Ripoli,3,3,3,0
Tara Ross-Barksdale,3,10,2,1
Christine  Mezza,3,11,3,0
Nancy Peskin,3,19,3,0
Natalie Rosado,3,3,3,0
Crystal Payne,3,7,3,0
Amber Michalski,3,5,3,0
Adrianna Restiano,3,3,3,0
Nicolle Olson,3,4,3,0
Courtney Peters,3,16,3,0
Ivana Ross,3,3,3,0
Jennifer Reeves,3,8,3,0
Jennifer Morrison,3,4,3,0
Michael Pollard,3,37,3,0
Emily Nader,3,3,3,0
David Rubin,3,6,3,0
Dr. Nicola Roache Ashley,3,20,3,0
Ashley Pendelbury,3,7,3,0
Jenica Rea,3,9,3,0
Linda Pollack,3,20,3,0
Katherine Quin,3,4,3,0
Danae Peraza,3,3,2,1
Tim Olsen,3,8,3,0
Dr. Anthony Montez,3,23,3,0
Hannah Rodriguez,3,4,3,0
"Vince ""Toivo"" Mikkola",3,4,3,0
Debbie Oliver,3,20,3,0
Lori Adams,3,25,3,0
Charlotte Newsom,3,20,3,0
Whitney O'Connor,3,3,3,0
LeAnne Rozner,3,10,3,0
Eileen O'Connell,3,37,3,0
Jane Montavon,3,3,3,0
Maureen Murray,3,20,3,0
Dr. Patricia Raskin,3,45,3,0
Dr. Michelle Perepiczka,3,10,3,0
Enchelle' Morris,3,3,3,0
Stephen Miller,3,10,3,0
Theresa Sanchez,3,3,3,0
Dr. Jodi Nicholson,3,10,3,0
April Pomerlyan,3,4,3,0
Erica Mesa,3,7,3,0
Steve Monte,3,17,3,0
Stephanie Nickel,3,10,3,0
Stephanie Pichardo,3,9,3,0
Elton Priddy,3,22,3,0
Kesha  Outlaw,3,3,3,0
Steven Nimrod,3,27,3,0
Veronica Montoya,3,5,3,0
Matthew Roberts,3,13,3,0
Radha Patel,3,5,3,0
Carmela Pucci,3,10,3,0
Jennifer Reci,3,3,3,0
Kerre Nitz,3,5,3,0
James Perry,3,7,3,0
Abigail  Nixon,3,4,3,0
Erin Phipps,3,11,3,0
Jennifer Oswalt,3,11,3,0
Elizabeth Salgueiro,3,10,3,0
Patricia Mills,3,12,3,0
Erik Metzger,3,6,3,0
Ayla Ruffin,3,19,3,0
Sara  Pawelkoski,3,12,3,0
Kelli Remmel,3,12,3,0
Ebony Montgomery,3,10,3,0
Kimberly Montgomery,3,10,3,0
Benjamin Nguyen,3,5,3,0
Renee Rogers,3,3,3,0
Liz Sakatos,3,3,3,0
Samantha Otto,3,6,3,0
Bonnie Nielsen,3,3,3,0
Tom Post,3,12,3,0
Fayth Polite,3,8,3,0
Molly Radke,3,7,3,0
Jalonda Montgomery,3,6,3,0
Lyle Milstein,3,35,3,0
Nicole Romano,3,21,3,0
Emily Salkever-Scott,3,3,3,0
Cheryl Perry,3,3,3,0
Claire Riesenberg,3,7,3,0
Nicole Rundall-Royal,3,12,3,0
Brittany Kurdewan,3,3,3,0
Jessica VanDeVelde Moreno,3,4,3,0
Rene' Domask,3,5,3,0
Janel Washington,3,3,3,0
Gianny Diaz,3,15,3,0
Michael DiBernardo,3,3,3,0
Karla Stewart,3,3,3,0
Samantha Dickow,3,3,3,0
Annette  Warner,3,15,3,0
Negin  Didehbani,3,9,3,0
Brian Diehl,3,3,2,1
Nicole Dominguez,3,3,3,0
Maryann Dexter,3,3,3,0
Louis Walthall,3,35,3,0
Emily Donald,3,15,3,0
Candace  Walters,3,10,3,0
Meghan Divin,3,5,3,0
Dr. Linda Dixon,3,37,3,0
Marika  Dillon,3,15,3,0
Jamie DiMarco,3,8,3,0
Keith Walmsley,3,6,3,0
Shannon Warden,3,18,3,0
Stephen Dexter,3,3,3,0
Candice Waller,3,9,3,0
Ashley DeLaRosa,3,5,3,0
Keith  Weaver,3,20,3,0
Rebecca Deardorff,3,7,3,0
Heather Deecken,3,4,3,0
Bonnie Define,3,20,3,0
Michelle DeFino,3,3,3,0
Melissa Wilson,3,10,3,0
Damian Watson,3,9,3,0
Rebecca  Watson,3,18,3,0
Jessica Watkins,3,10,3,0
Tiona Washington,3,20,3,0
Elizabeth Derickson,3,3,3,0
Delia DeLorenzo,3,5,3,0
Joseph DeLorenzo,3,6,3,0
Christina  DeSantis,3,9,3,0
Christina Wassenhove,3,3,3,0
Tiffany DeVecchis,3,3,3,0
Erica Washington,3,5,3,0
Katie DeVries,3,7,3,0
Melinda Holliday,3,5,3,0
Sidney Douglas,3,8,3,0
Abbey Davis,3,3,3,0
Yiasha Edwards,3,4,3,0
Sarah DuVall Murray,3,12,3,0
Grace Dwyer,3,3,3,0
Tijen Dyson,3,14,3,0
Dawn Eaden,3,14,3,0
Dr. Tara Eastcott,3,15,3,0
Kellie Ebberup-Krug,3,5,3,0
Juliann Ebelherr,3,20,3,0
Volha Volosevich,3,6,3,0
Rebecca Edwards,3,3,2,1
Dan Duval,3,30,3,0
Alexandra Echelmeier,3,7,3,0
Renee Edgar,3,15,3,0
Brandy Edlund,3,8,3,0
Laura Edmonds,3,3,3,0
John Elame,3,9,3,0
Felicia Edwards,3,5,3,0
Jan Edwards,3,36,3,0
Amanda Elliott,3,22,3,0
Elizabeth Duvall,3,9,3,0
Robert Wakeley,3,14,3,0
Maxine Douglas,3,20,3,0
Gayle  DuBois,3,27,3,0
Veronica Walker-Douglas,3,25,3,0
Robert Dowdy,3,9,3,0
Tabitha Doyle,3,6,3,0
Laura Walker,3,7,3,0
Karlie Pagano,3,13,3,0
Lynnikka Draper,3,8,3,0
Reneisha Drayton,3,10,3,0
Nicole Dreier,3,5,3,0
Yolonda DuBose,3,5,3,0
Bethany Durden,3,4,3,0
Sara Duckery,3,13,3,0
Monica Duncan,3,24,3,0
Joniett Duenas,3,5,3,0
Alana Dunn,3,20,3,0
Brandi Dunn,3,3,3,0
Rhonda Dunning,3,20,3,0
Natalie Dukes,3,20,3,0
Katrina Dumas,3,7,3,0
Dr. VonTija Dean-EL,3,3,2,1
Tricia Davis,3,6,3,0
Latasha Williams,3,6,3,0
Linda Cooke,3,22,3,0
Cynthia  Conseillant,3,7,3,0
Beshara (BJ) Constantine,3,3,3,0
Julia Contreras,3,6,3,0
Kaitlyn Whitebread,3,4,3,0
Catherine Conway,3,18,3,0
Jamie  Cook,3,15,3,0
Anne-Marie White,3,3,3,0
Corinne Wier,3,3,3,0
Johnny White,3,3,3,0
Lindsay Conner,3,8,3,0
Shanika White,3,7,3,0
Brittney Copeland-Best,3,6,3,0
Dottie Cornett,3,17,3,0
Angela Cowan,3,5,2,1
John  Cowles,3,10,2,1
Lisa  Cox,3,21,3,0
Delia Cortez,3,20,3,0
Brittney Whitman,3,15,3,0
Whitney Wilbanks,3,7,3,0
Kathleen Combs,3,5,3,0
Lynn Craig,3,3,3,0
Nicole Collazo,3,5,3,0
Karyl Cleary,3,25,3,0
Liz Cleerdin,3,25,3,0
"Frederick ""Eric"" Cline",3,5,3,0
Willie Williams,3,40,3,0
James Wilkerson,3,11,3,0
Dr. Les Cole,3,40,3,0
Sue Wilhelm,3,7,3,0
Whitney Wiley,3,5,2,1
Kelly College,3,5,2,1
Arien Conner,3,15,3,0
Dr. John Colletti,3,16,3,0
Melica Wiley,3,3,3,0
Jon Collings,3,22,3,0
Amy Collins,3,3,3,0
Elizabeth (Libby) Collins,3,11,3,0
Trinity Collins-Justian,3,3,3,0
Laura Colón Feliciano,3,12,3,0
Camille Colson,3,8,3,0
Candace Coston,3,4,3,0
Mary Cottrell,3,3,3,0
Carrie Davis,3,3,3,0
Karen Weiss,3,27,3,0
Raven Daniels,3,3,3,0
Carl Dade,3,20,3,0
Katherine Weller,3,30,3,0
Jesse Weight,3,3,3,0
Lauren Dargan,3,10,3,0
Jamie Daugherty,3,7,2,1
Tammy Weitzman,3,20,3,0
McKay Davis,3,8,3,0
Stephanie Weeden,3,6,3,0
Josely  Daniel,3,5,3,0
Ashleigh Weckesser,3,3,3,0
SuKura Webster,3,3,3,0
Zamarys Webster,3,3,3,0
Janet Daw,3,3,3,0
Danita Davis,3,14,3,0
Laurie Dawkins,3,10,3,0
Kimberly Davis,3,3,3,0
Jody Davis,3,8,3,0
Lee Weir,3,10,2,1
Dr. Vincent D'Elia,3,20,3,0
Richard Wheat,3,9,3,0
Christian  Cruz-Ayala,3,6,3,0
Keyontia White,3,7,3,0
Karen Coupe,3,3,3,0
Lori Crawford,3,26,2,1
Lance Crawford,3,3,3,0
Eletha Crawford,3,20,3,0
Wilfreda Cruz,3,23,3,0
Janell Cruz,3,13,3,0
Angela Currier,3,3,3,0
Misty Werkmeister,3,8,3,0
"Natasha D'Arcangelo (she, her, hers)",3,4,3,0
Amanda Wentz,3,7,3,0
Kathryn Curtis-Long,3,4,3,0
Mark Wendell,3,11,3,0
Gerardo Wence-Munoz,3,3,3,0
Cynthia Cunningham,3,24,3,0
Dena Damaskinos,3,9,3,0
Kristen D'Amico,3,11,3,0
Dr. Michael Damian,3,5,3,0
Cynthia Wadsworth,3,26,3,0
Dr. Sherry Edwards,3,30,3,0
Britton Elliott,3,3,2,1
Natasha Georges,3,8,3,0
Sarah Garlick,3,3,3,0
Crystal Garman,3,6,3,0
"Catherine ""Catie"" Gaumer",3,6,3,0
Shannon Gavigan,3,5,3,0
Monica Geldres,3,15,3,0
Berit Gemar,3,3,3,0
Tiffany Travers,3,8,3,0
Jennifer Pipes-Torgerson,3,3,3,0
Stephanie Gerard,3,10,3,0
Keshanda  Garland,3,3,3,0
Gail Geiger,3,4,3,0
Isabel Ghobrial-Ghali,3,4,3,0
Alisa Trout,3,5,3,0
Jamie Trahan,3,8,3,0
Ana Cristina Giaquinto,3,14,3,0
Dr. Kaylee Trottier,3,9,3,0
Aisha  Gilliam,3,4,3,0
Adrienne Gibson,3,10,3,0
Nicole Garland,3,10,3,0
Anjanette (AJ) Tschupp,3,16,3,0
Jonathan Tomlin,3,3,2,1
Tanesha Townsell,3,13,3,0
Trudy Frye,3,10,3,0
Octavia Gallon,3,4,3,0
Jaime Tracy,3,15,2,1
Terra Gallop Kaufman,3,5,3,0
Dr. Russell Gaede,3,20,3,0
Kristen Gaffey,3,3,3,0
Octavia Fukino,3,7,3,0
Jacqueline (Jackie) Galvez,3,3,3,0
Jayshree Gandhi,3,15,3,0
Anika Garcia,3,6,3,0
Gregory Gannon,3,6,3,0
Bronwen Gale,3,3,3,0
Elizabeth Tribble,3,3,3,0
Anne Galinanes,3,3,3,0
Britney Fulp,3,3,3,0
Nicole Huertas,3,4,3,0
Tenecia Funches,3,10,3,0
Laura Funkhouser,3,7,3,0
Karen Tompkins,3,31,3,0
Pete Tolson,3,3,3,0
Natara Elliott,3,5,2,1
Dr. Douglas Tillman,3,14,3,0
Sharmane Grady,3,11,3,0
Trisha Grady,3,5,3,0
Amy Gorham,3,20,3,0
Kori Gooden,3,5,3,0
Katranker  Thompson,3,30,3,0
Rhea Timm,3,5,3,0
Charity Grams,3,10,3,0
LaTonya Thomas,3,10,3,0
Matthew Tiffany,3,15,3,0
Danielle Tipton,3,29,3,0
Dr. Adam Grandi,3,27,3,0
Juanita  Green-Johnson,3,6,2,1
Tiffany Graston,3,10,3,0
Harry Greenberg,3,3,3,0
Andrea Greene,3,10,3,0
Natalie  Graves,3,5,3,0
Tonya Greene,3,30,3,0
Pyol Thompson,3,4,3,0
Maylin Gonzalez,3,3,3,0
April Gonzalez,3,3,3,0
Dr. Veronika Glusker,3,6,3,0
Leslie Gleason,3,5,3,0
Alison Goad,3,12,3,0
Elizabeth Godfrey,3,10,3,0
Anjanette Gideon,3,15,3,0
Peter Girz,3,,3,0
Angela Thompson,3,4,3,0
Lawrence (Larry) Goldberg,3,36,3,0
Christina Gilkey,3,3,3,0
Dr. Sally Gill,3,7,3,0
Lynne Goldsmith,3,5,3,0
Samantha Thomaston,3,25,3,0
T. Rhiannon Tobin,3,15,3,0
Morgan Sternhagen,3,3,3,0
Rodolfo Gomez,3,8,3,0
Pamela Gomez,3,3,3,0
Lawrence Goncalves Jr.,3,25,3,0
Suong Goodhart,3,15,3,0
Channing Gould- Sanderson,3,3,3,0
Jeffrey Gowing,3,4,3,0
Caitlin Gable,3,6,3,0
Emily Gabelman,3,3,3,0
Roslynn Gallegos,3,7,3,0
Janet Vaughn,3,16,3,0
Jennifer Venable-Humphrey,3,20,3,0
Henry Esformes,3,22,3,0
Dawne Velianoff,3,15,3,0
William Ezzelle,3,4,3,0
Briana Faringer,3,3,3,0
Lindsay Fahey,3,8,3,0
Anne Farrell,3,10,3,0
Monica  Van Nort,3,7,2,1
Danielle Fera,3,7,3,0
Natalie Erdahl,3,3,3,0
Diane Ferguson,3,8,3,0
Susan Urtz,3,25,2,1
Steven Vaughan,3,18,3,0
Jennifer Van Fosson-Roelfs,3,20,3,0
Amanda Vaughan,3,9,3,0
Misty Farber,3,10,3,0
Glenda Ferris,3,30,2,1
Katie Fetterman,3,7,3,0
"Barbara ""Andrea"" Vielma",3,10,3,0
Kenya Evans-Pinckney,3,13,3,0
Dr. Diane Fuselier-Thompson,3,10,3,0
Dr. Kristen English,3,16,3,0
Shakesta Ellis,3,7,3,0
David (Dave) Embertson,3,4,3,0
Samantha Endicott,3,15,3,0
Jennifer Enevoldsen,3,11,2,1
Dr. Pamela Vernon Stewart,3,5,3,0
Silvana Espinoza Lau,3,7,3,0
Rhona Engelman,3,24,3,0
Kathryn Engle Wu,3,3,3,0
Dr. Chris  Enomoto,3,6,3,0
Keyanna Evans,3,4,3,0
Eric Eubank,3,10,3,0
Christopher  Enriquez,3,3,3,0
Kris-Ann Vigil,3,5,3,0
Carrie Evans,3,6,3,0
Charlotte Evans,3,15,3,0
Garrett Epperson,3,3,3,0
Christine Evans,3,3,3,0
Stephanie Epstein,3,3,3,0
Scott Van Camp,3,20,3,0
Brandi Felts,3,12,3,0
Ronnie Figueroa,3,40,3,0
Laura Turpin,3,25,3,0
Sondra  Petrone,3,4,3,0
Jehlisah Vaccarella,3,10,3,0
LeeAnne Forte,3,5,3,0
Beth Franchini,3,24,3,0
Lisa Twiggs,3,3,3,0
Sam Frank,3,12,3,0
Elena Fosness,3,8,3,0
Ashley Rebekah Tweed,3,7,3,0
Leah Usery,3,10,2,1
Amy FitzGerald,3,10,3,0
Christine  Foster,3,6,3,0
Jessica Turner-Evans,3,7,3,0
Dr. Yvonne Foster,3,25,2,1
Chrissy Fraser,3,9,3,0
Ellie Trotta,3,6,3,0
Dr. Susan Frauenholtz,3,20,3,0
Miranda Friedman,3,10,3,0
Dr. Elizabeth Frisby,3,25,3,0
Joanna Forst,3,3,3,0
Evelyn Foreman,3,20,3,0
Marcia Ford,3,27,3,0
Hiedi Folstad Miller,3,13,3,0
Michele Unsworth,3,8,3,0
Amanda Fitzgerald,3,6,3,0
Emily Flavin,3,7,3,0
Kaitlin  Uniejewski,3,4,3,0
Angie Vargas,3,8,3,0
Kristina Fioravante,3,3,3,0
Dr. Rebecca Flegner,3,3,3,0
Jill Fiorillo,3,9,3,0
Jamie  Fiorucci,3,21,3,0
Dr. Karina Fleming,3,3,3,0
Maurice Flournoy,3,10,2,1
Nicholas Flickinger,3,6,3,0
Dr. Lisa Valentine,3,8,3,0
Steve Valente,3,5,3,0
Dr. Ulia Fisher,3,7,3,0
Janice Foehring,3,3,3,0
Kirsten Fogle,3,11,3,0
Geralyn Cleary,3,16,3,0
Dr. Regina Williams,3,10,3,0
Amanda  Grigsby,3,21,3,0
Tarra Bates-Duford,3,3,3,0
Jessica Barron,3,3,3,0
Melissa Annechino,3,12,3,0
Nicole Bartell,3,13,3,0
Randi  Barton,3,15,3,0
Brittany Bartusek,3,3,2,1
Maribel Ceja Zamora,3,8,3,0
Jodi Bassett,3,3,3,0
Elizabeth Bates,3,15,3,0
Lesa Bauer,3,8,3,0
Lauren Barr,3,4,3,0
James Baumbusch,3,8,3,0
Leanna Howard,3,5,2,1
Alecia Beaudry,3,22,3,0
Michelle Beaupre,3,3,3,0
Nicole Bebiak,3,20,3,0
Bryanne Fountain,3,4,3,0
Jennifer Beall,3,15,3,0
Dr. Kara Beck,3,8,3,0
Michelle Barraco,3,12,3,0
Michelle Barnhart,3,3,3,0
Dell Bednar,3,20,3,0
Lea Harger,3,14,3,0
Daniel Baird,3,12,2,1
Michelle Baker,3,5,3,0
Andrea Sullivan,3,5,3,0
Taylor Pendergast,3,6,2,1
Prof. Karen Garland,3,5,3,0
Britt  Balfe,3,3,3,0
Molly Ballantyne,3,8,3,0
Sarah Shuman,3,17,3,0
Gregory Banicki,3,15,3,0
Hanouf Alahmari,3,4,3,0
Sherry  McClanahan,3,3,3,0
Tomi Barbour,3,10,3,0
Ana  Philip,3,5,3,0
Rivkah Barmore,3,25,3,0
Linda  (Lindy) Guidry,3,15,3,0
Rev. William Barnes,3,30,3,0
Rachael Myers,3,3,3,0
Jessica Wagner,3,9,3,0
Gregory Becker,3,12,3,0
Karen Harmon-Berry,3,18,3,0
Amelia Peck,3,10,3,0
Cheyenne Blevins,3,4,3,0
Sarah Beth Anderson,3,3,3,0
Dr. Amanda Martin,3,14,3,0
Rachel Chazen,3,10,3,0
Amy Blazek,3,23,2,1
Kelli Mosley,3,16,3,0
Gwen Bodnaruk,3,8,3,0
Dr. Amanda Cothern,3,8,3,0
Bruce Boeck,3,40,3,0
Morgan Rossner,3,4,3,0
Kristin Balloon,3,4,3,0
Lee Blouin,3,10,3,0
Michael Bohman,3,3,3,0
Ina Blue,3,3,3,0
Ashley Bolella,3,10,3,0
Tiffany  Bolinger,3,6,3,0
Thomas Zinski,3,20,3,0
Mary (Katy) Bombard,3,3,3,0
Jessica  Bonaventura,3,6,3,0
Matthew  Biermacher,3,3,2,1
Alisha P Beverly,3,25,3,0
Thomas Beechel,3,40,3,0
Debra Bergman,3,30,2,1
William Beeves,3,7,3,0
Robin Behar,3,33,3,0
Jonell Belcher-Chudyk,3,8,3,0
Stephanie Sweat,3,4,3,0
Carly Bell,3,5,3,0
Judith Bellomo,3,17,3,0
Veronica Jarrett,3,5,3,0
Nicole Hummel,3,8,3,0
Shallymar Bender,3,5,3,0
Dr. Allison Bethea,3,20,3,0
Joseph Bermudez,3,10,3,0
Loire Bennett,3,23,3,0
Kristine Benson,3,5,3,0
D'Ann  Berrong,3,15,2,1
Nicole Berry,3,10,2,1
Olivia Bentley,3,3,3,0
Korin Best,3,3,3,0
William Besterman IV,3,5,3,0
Dr. Ken Callis,3,41,3,0
Peggy Baah,3,5,3,0
James Craig,3,6,3,0
Meghan Hamblet,3,9,3,0
Susan Soares,3,15,3,0
Dr. Brian Gustman,3,10,3,0
Wafa  Alkoka,3,14,2,1
Cara Honsberger,3,6,3,0
Lizette Alvarado,3,10,3,0
Lorena Alvarez,3,6,3,0
Wenona Allen,3,15,3,0
Thasia Allen,3,8,3,0
Jeanine Amaro,3,7,3,0
Ilene Holcombe,3,20,3,0
Gary Daily,3,31,2,1
Elizabeth Nymberg,3,5,2,1
James Allison,3,3,3,0
Nicole Phelan,3,4,3,0
Deanne Almeida,3,10,3,0
Dr. Erica Holmes,3,3,3,0
Kay Anderson,3,29,3,0
Karen Anderson,3,30,3,0
Jennifer Alder,3,5,2,1
Andrew Benson,3,6,2,1
Lynne  Hale,3,23,3,0
Gaelle Affiany,3,9,3,0
Marc Campbell,3,5,3,0
Anne Adkins,3,4,3,0
Lauren De Mars,3,5,3,0
Chelsea Bernal,3,6,3,0
Robyn Admire,3,4,3,0
Wendy Abel,3,23,3,0
Beth Adolph,3,3,3,0
Rebecca Parisher,3,3,3,0
Dr. Yves Abraham,3,20,3,0
Holly Adams,3,21,3,0
Alex Aguilar,3,7,3,0
Sarah Adams,3,5,3,0
Adrianna  Peguero,3,8,3,0
Brian Adams,3,6,3,0
Lance Adams,3,28,3,0
Ariel Adams,3,6,3,0
Lexie  Ainge Cottle,3,9,3,0
Morgan Ajello,3,6,3,0
Randi Anderson,3,30,3,0
Dr. Tara O'Donnell,3,15,3,0
Gilonda B,3,13,3,0
Becka Ashcraft,3,18,3,0
Joni Antonia,3,11,3,0
Maureen Anyangwa-Ngeh,3,10,3,0
Jennifer Anzaldua,3,3,3,0
Jennifer Applebaum,3,7,3,0
Sara Appleton,3,4,3,0
Bethany Giles,3,5,3,0
Kristen McIntire,3,15,2,1
Maryclaire  Aseret,3,3,3,0
Jen Ashley,3,12,3,0
Lindsay  Arnold,3,7,3,0
Margaret Reedy,3,3,3,0
Adrienne Bacchus,3,6,3,0
Marian Bach,3,25,3,0
Autumn Austin,3,15,3,0
Dr. Jude Austin,3,8,3,0
Cheryl Sonilal,3,8,3,0
Joe Ayoub,3,8,3,0
Katie B,3,13,3,0
Joel Arnold,3,3,2,1
Kristin Ansel,3,10,3,0
Mia Anderson,3,8,3,0
David Archibald,3,10,3,0
Sarah Anderson,3,13,3,0
Dr. Jacqueline Anderson,3,25,3,0
Angelica Andrade,3,11,3,0
Niki Aquino,3,3,3,0
Mary Aragon,3,6,3,0
August Weems,3,5,3,0
LAURIE HEATHERLY-PRATER,3,5,3,0
Donna Andres,3,4,3,0
Keane Archibald Wilkinson,3,3,3,0
Kathryn Leachman,3,7,3,0
Dr. Neeley  Hughey,3,22,3,0
Cary Clevenger,3,10,3,0
Katie Worzel,3,15,3,0
Jessica Andrews,3,6,3,0
Maureen Arma,3,13,3,0
Julia Armand,3,8,3,0
Emily Thoenen,3,3,3,0
Sarah Angermeier,3,5,3,0
Elaine Bonitatibus,3,10,3,0
Sarah Zimmerman,3,22,3,0
Nick Zeimet,3,12,3,0
Dr. Michelle  Turnbough,3,13,3,0
Fran Wolf,3,8,3,0
Michelle Carter,3,15,3,0
Angela  Carter,3,3,3,0
Dr. Ann McCaughan,3,13,3,0
Katie Cartwright,3,5,3,0
Dr. Katherine Kline,3,13,3,0
WanPing Carrie Cavigioli,3,3,3,0
Crystal Willson,3,13,3,0
Kim  Cassano,3,30,2,1
Ted Carroll,3,3,3,0
Marisol Cervantes,3,5,3,0
Aimee Chaille,3,6,3,0
Bradley Chamberlain,3,9,3,0
Jessica Williams,3,7,2,1
Michelle Willix,3,30,3,0
Tempestt Williams,3,5,3,0
Edward Williams,3,3,3,0
Anna Chancellor,3,20,2,1
Leah Wimberly,3,5,3,0
Dr. Dawn Yelvington,3,13,3,0
Crystal Chang,3,3,3,0
Corey Winston,3,13,3,0
Robin Cady,3,11,3,0
Tinalyn  Caisse,3,30,3,0
Janet Wise,3,30,3,0
Leslie Wood,3,13,3,0
Dr. Rene Camacho Cordoba,3,13,3,0
Rebecca Winter,3,5,3,0
Duane Winter,3,7,3,0
Nina Caricato,3,4,3,0
Lakia Wilson,3,5,3,0
Sandra  Carr-Carrington,3,35,3,0
John Capachione,3,3,3,0
Camara Capel,3,3,3,0
Loreley Caplan,3,15,3,0
Alicia Capobianco,3,5,3,0
Sarah Capozzi,3,12,3,0
Justin Womer,3,11,3,0
Twaina Carpenter,3,11,3,0
Denise Carey,3,19,3,0
Carmen Chaney,3,5,3,0
Chris Chaplin,3,8,3,0
Thomas Zimm,3,10,3,0
Richard Clark,3,24,3,0
Diane Williams,3,3,3,0
Brittany Childress,3,3,3,0
Chundra Williams,3,10,3,0
Sara Ciccariello,3,22,3,0
Betty Williams,3,10,3,0
Washington Cisco,3,36,3,0
Dr. Jeffery Clance,3,26,2,1
Keely Clark,3,14,3,0
Francis Clark,3,18,3,0
Dr. Mark Chustz,3,34,3,0
Stacy Clark,3,21,3,0
Caley Clark,3,3,3,0
Natasha Clarke,3,5,3,0
Rachel Cobb,3,15,3,0
Chelsea Cody,3,5,3,0
Dr. Mariah Coe,3,17,3,0
Carl Cogdell,3,3,3,0
Courtney Coggan,3,4,3,0
Arielle Ciampichini-Trojanek,3,4,3,0
Shayna Chupein,3,4,3,0
Richard Chapman,3,8,3,0
Jill Chonody,3,7,3,0
Courtney Chapman,3,6,3,0
Dr. Renee Charles,3,3,3,0
Padmaja Charya,3,14,3,0
Marco Chase,3,13,3,0
Diana Chavez,3,6,3,0
Autumn Williams-Hertz,3,8,3,0
Nolan Chojnacki,3,5,3,0
Lauren Cheek,3,3,3,0
Daphne Choute,3,7,3,0
Roberto Chia,3,8,3,0
Dominique Williams,3,5,3,0
Dr. Claiborne Christian,3,20,3,0
DeAnna Christian,3,17,3,0
Dr. Angela Williams,3,10,3,0
Kassandra Williams,3,5,3,0
Nikita Williams,3,12,3,0
Katherine Chesanek,3,7,3,0
Sharon Chung,3,16,3,0
Cash Cada,3,3,3,0
Thindwia Cabiness-Moore,3,21,2,1
Dr. Bridget Cabibi,3,3,3,0
Alexandra Brink,3,6,3,0
Carleen Braunns,3,3,3,0
Karen Yowell,3,25,3,0
Rachel Fazekas,3,7,3,0
Melinda Brecht,3,11,3,0
Brenna McColm,3,5,3,0
Erin Clegg,3,15,3,0
Dr. Donna Bredrup,3,20,3,0
Elizabeth Young,3,17,3,0
Dana Young,3,11,2,1
Eric Bricker,3,20,3,0
Jeremy Brenneman,3,16,3,0
Kristi Brewster,3,3,3,0
Carey Yeaton,3,15,3,0
Erin Brodbeck,3,3,3,0
James Brook,3,12,3,0
Whitney Brown,3,3,3,0
Merissa Brown,3,12,3,0
Jeanne Brown,3,10,3,0
Asher Brauner,3,6,2,1
Andres Hoyo,3,8,3,0
Rosemary Cabanillas,3,6,3,0
Deborah Bowe,3,20,3,0
Shawna Boomgaard,3,15,3,0
Sharon Boyle-Connelly,3,29,3,0
Michelle Boyles,3,25,3,0
Issac Boose,3,20,3,0
Valerie Boughner,3,17,3,0
Alecia Bradford,3,9,3,0
Morgan Born-Aives,3,4,3,0
Meaghan Bourque,3,6,3,0
Enrique Simmons,3,7,3,0
Evelyn Zaboras,3,10,3,0
James  Bothe,3,5,3,0
Elisabeth Zaragoza,3,13,3,0
Rachel Zamorano,3,14,3,0
Gina Bowers,3,30,3,0
Batya Zamir-Van Buren,3,28,3,0
Anna Zakrocka,3,3,3,0
Brandi Bowman,3,14,3,0
Tracie Zacharek,3,12,3,0
Brittany Brown,3,3,3,0
Shanee' Brown,3,7,3,0
Myra Brown,3,8,3,0
Sedara Burson,3,8,3,0
Janet Buntrock,3,21,3,0
Gina Burdett,3,10,3,0
Patricia Wosleger,3,8,3,0
Joan Burgos,3,6,2,1
Laura  Burke,3,7,3,0
Cindy Burke,3,20,3,0
Melissa Burke,3,13,3,0
Bonnie Burke,3,6,3,0
Sophia Burton,3,6,3,0
Brianna Brown,3,6,3,0
Mia Bush,3,10,3,0
Crystal Bush,3,16,3,0
Shawna Byrd,3,10,3,0
Wanda  Bush,3,15,3,0
Dr. Matthew Witter,3,5,3,0
Jennifer Witkowski,3,8,3,0
Nicole Byrum,3,14,3,0
Jonathan Caballero,3,7,3,0
Shironda Bryant,3,9,3,0
Marci Wright,3,9,3,0
Harriet Bryant,3,15,3,0
Kimber Wright,3,5,3,0
Nieshia Brown,3,3,3,0
Carla Brown,3,12,2,1
Darla Yates,3,8,3,0
Debora Brown,3,5,3,0
Bobbie Anne  Brown,3,6,2,1
Barbara Brown,3,25,3,0
Meredith Wunsch,3,5,3,0
Dr. Mentwab Wuhib,3,5,3,0
Brian Wrightsman,3,8,3,0
Jacinta Brown-Wade,3,8,3,0
Catreshia C Brundage,3,19,3,0
Yuna Youn,3,5,3,0
Dr. John Wright,3,15,3,0
Darlene Browning,3,20,1,2
Valen Brozey,3,14,3,0
Mara Bruckner,3,22,3,0
Anna Bulfin,3,8,3,0
Whitley Greene,3,22,3,0
Dr. James Reed,3,16,2,1
Mary-Elizabeth Grimaldi,3,3,3,0
Katie Smith,3,5,3,0
Tonya Koenig-Colsch,3,18,3,0
Sarah Kovacs,3,3,3,0
Regina Kujawa,3,30,3,0
Christina Kulp,3,3,3,0
Emily Kurtzhals,3,7,3,0
Yale Kushner,3,3,3,0
Kemeco  Small,3,15,3,0
Guileine Kraft,3,11,2,1
Erin Laffrey,3,20,3,0
Zaya Kuykendall,3,16,3,0
Dr. Jennifer Slusher,3,22,3,0
Amanda Kviz,3,7,3,0
Lisa Kramer,3,12,3,0
Geline Lagrace,3,6,3,0
Dr. John Slate,3,45,3,0
James Slape,3,7,3,0
Hope Kravetz,3,17,3,0
Mary Koch,3,4,3,0
Megan Smith,3,8,3,0
Haely Kim,3,5,2,1
Kimberly Knox,3,14,3,0
Dr. JoEllen Kennedy,3,38,3,0
Lesley Smith,3,3,3,0
Marcy King,3,14,3,0
Kimberly Smith,3,11,3,0
Jennifer Kibler,3,10,3,0
Lindsay King,3,15,3,0
Matthew Kiefer,3,6,3,0
Lynn Kinney,3,3,3,0
May Kirby,3,6,3,0
Michael Knapik,3,13,3,0
Casey Smith,3,4,3,0
Anna Konigsberg,3,15,3,0
Gina Kopacki-Birt,3,10,3,0
Katelyn  Smith,3,5,3,0
Traci Klasing,3,18,3,0
JoAnna Knopf,3,6,2,1
Kristy Smith,3,6,3,0
Tara Krueger,3,15,3,0
Dr. Elizabeth Skibinski-Bortman,3,39,3,0
Jennifer Lancaster,3,3,3,0
Miriam Siyam,3,17,3,0
Sandra Leal,3,30,3,0
Jack Silver,3,49,3,0
Paula Leapheart,3,3,3,0
Beth Leary,3,20,3,0
Erik Silva,3,7,3,0
Christie LeBeau,3,4,3,0
Laurine  LeBlanc,3,6,3,0
Daniel Lechleiter,3,3,3,0
Traci Lechwar,3,10,3,0
Shannon Lee,3,21,3,0
Lisa Lee,3,6,3,0
Amy Silberman,3,22,3,0
Patricia Lee,3,22,3,0
Chyrissee Lee,3,20,3,0
Cindy Sibley,3,10,3,0
Craig Leech,3,15,3,0
Amber Legault,3,7,3,0
Brandon Silverman,3,5,3,0
Michael Leach,3,24,3,0
Heather Simmerson,3,3,3,0
Veronica Lavind,3,5,3,0
Sarah Sistrunk,3,7,3,0
Susan Langan,3,8,3,0
Dr. Casey Lankow,3,12,3,0
Derrick  Singleton,3,12,3,0
Runicka Singh,3,3,3,0
Kyrie Larcher,3,3,3,0
LaShanna Larkins,3,10,3,0
Lyn Lawhead,3,22,3,0
Jamie Simmons,3,6,3,0
Claudine  Lasky,3,20,3,0
Kendra Simpson,3,10,3,0
Dr. Carolyn Latham-Shiflett,3,15,3,0
Deia Lawrence,3,15,3,0
Brenda Lauer,3,15,3,0
Dianne Laurent,3,13,3,0
Vanessa Simmons,3,3,3,0
Alexandra Kerr,3,5,3,0
Dr. Brenda Kemp,3,16,3,0
Carly Jacobson,3,10,2,1
Marlana Staats,3,3,3,0
Janee' Johnson,3,3,3,0
Dana Spitz,3,3,3,0
Cecelia Johnson,3,30,3,0
Quincy Johnson,3,5,3,0
Kim Johnson,3,19,3,0
Mar Johnson,3,3,3,0
Lamara Johnson,3,10,3,0
Dr. David Sperry,3,3,3,0
Shayla Johnson,3,8,3,0
Julia St John,3,5,3,0
Arlene Johnson,3,25,3,0
Jameshia Johnson,3,3,3,0
Brian Squitieri,3,6,3,0
Meggie (Meg) Springer,3,6,3,0
Carolyn Johnson Fields,3,4,3,0
Erica Spring,3,12,3,0
Dee Jones,3,15,3,0
Alexander Johnson,3,14,3,0
Mariah Jeremiah,3,3,3,0
Jennifer Kem,3,7,3,0
Kelly Johnson,3,8,3,0
Noah Jacobson-Goodhue,3,20,3,0
Tara James,3,17,3,0
Kimberly Jara,3,8,3,0
Veronica Jaramillo,3,8,3,0
Ananda  Jatel,3,6,3,0
Elissa Jeter,3,3,3,0
Denise Jelley,3,23,3,0
Dawn Jiles,3,25,3,0
Debbie Stanley,3,10,3,0
Jeremy Jenkins,3,10,3,0
Mary Beth Jenkins,3,15,3,0
Lucia Stanfield,3,3,3,0
Kate Jennings,3,10,3,0
Sherrie Stafford,3,10,3,0
Kim Stafford,3,16,3,0
Dr. Rommel Johnson,3,11,3,0
Diane Jensen,3,28,3,0
Dr. Danielle Jones,3,20,3,0
Imelda Jones,3,3,3,0
Konnor Speicher,3,3,3,0
Abigail Jones,3,5,3,0
Andrea Sorber,3,10,3,0
Melissa Sonthonax,3,3,3,0
Kyle Sommers,3,11,3,0
Shpresa Kaletsch,3,8,3,0
Deborah Keeler,3,20,3,0
Katie Keenan,3,8,3,0
Linda Karpel,3,4,3,0
Kristen Keeper,3,4,3,0
Michelle Kasischke,3,6,3,0
Jasmine Snow,3,7,2,1
Elizabeth  Snow,3,6,3,0
Therese Kaufman,3,8,2,1
Estorious Smith-Hargrove,3,4,3,0
Chloe Smith-Ferguson,3,4,3,0
Lindsey Kelly,3,6,3,0
Lauren Kelly,3,25,3,0
Megan Meibeyer,3,5,3,0
Amanda Kazee,3,10,3,0
Stephanie Sotelo,3,10,3,0
Karlana Kaywood,3,7,3,0
Andrina Jordan,3,15,3,0
AJ Spoerner,3,20,3,0
Alicia Jones,3,5,3,0
"William ""Keith"" Jones",3,5,3,0
Tara Jones,3,6,3,0
Tamara  Spears,3,3,3,0
Eva Jones,3,4,3,0
LaToshia  Spearing,3,16,2,1
Stephanie  Jordan,3,20,3,0
Martin Kane,3,3,3,0
Mildred Spann,3,14,3,0
Josh Jouza,3,8,3,0
Rev. Virginia June,3,28,3,0
Dr. Christina Jurekovic,3,7,2,1
Sia Southern,3,11,3,0
Tashima K,3,13,2,1
Whitney Kaupke,3,23,3,0
Christine Sibilla,3,3,3,0
Anna Lehew,3,1,3,0
Cheryl Shulter,3,14,3,0
Lenka Schroeder,3,15,3,0
Maggie Maurer,3,5,3,0
Dr. Jeni Schutte,3,15,3,0
Donald Mauro,3,18,3,0
Jenna Matthews,3,9,3,0
Lisa May,3,16,3,0
Kathleen Schreiber,3,7,3,0
Alisa Mattiazzi,3,9,3,0
Rosemary Schraeder,3,7,3,0
Kerin Schornstein,3,20,3,0
Paula Schonauer,3,3,3,0
Andrea Mazziotti,3,4,3,0
Staci McAdams,3,5,3,0
Lindsey McAdams-Perry,3,10,3,0
Megan McArthur-Federico,3,10,3,0
Janell McBoom,3,6,3,0
Lisa Schneider,3,4,3,0
Kristin McCabe,3,13,3,0
Kelly Matzke,3,4,3,0
Gail Masterson,3,25,3,0
Michael Shulman,3,5,3,0
Michael Schueller,3,12,3,0
Ethan Martin,3,10,3,0
Adam Markle,3,6,3,0
Tova Scott,3,7,3,0
Julie  Markwardt,3,5,2,1
Akilah Martin,3,8,2,1
Joe Martin,3,22,3,0
Ed Schultze,3,30,3,0
Kristen Schultz-Tassiello,3,23,3,0
Dr. Yahaira Marquez,3,14,3,0
Deanna Schultz,3,17,3,0
Melissa Schultz,3,3,2,1
Shelley  Schweitzer,3,3,3,0
Sarah Martinez,3,8,3,0
George Martinez,3,29,3,0
William Martinez,3,10,3,0
Armando Martinez Jr,3,8,3,0
Cathryn Schuil,3,17,3,0
Jessica McCaig,3,10,3,0
Michael McCann,3,12,3,0
Stephanie McCarty,3,8,3,0
Diane McClain,3,43,3,0
Lisa McKinney,3,26,2,1
Susan  McKinnish,3,26,3,0
Rachael McKinnon,3,9,3,0
Melissa McKissack,3,12,3,0
Andrea McLellan,3,10,3,0
Sonny Saunders,3,14,3,0
Dr. Colleen McMahon,3,3,3,0
Caroline McMinn,3,4,3,0
Marion Saulque,3,3,3,0
Brittney Scantling,3,6,3,0
Rachel McNeil,3,6,3,0
Paul Mefford,3,20,3,0
Laura McShane,3,8,3,0
Jean  Meissner,3,5,3,0
Mariuxi Mejia,3,26,3,0
Mary (Betty) McWillie,3,35,3,0
Holly Sayer,3,18,3,0
Brandy Schafer,3,3,3,0
Leighann Schaffer,3,11,3,0
Karen McGuffey,3,15,3,0
Maureen McEachen,3,10,3,0
Monica  McClain,3,10,3,0
Dr. Carol Schmidt,3,10,3,0
Kristen Schmauder,3,6,3,0
Yvonne Schlueter-Promes,3,29,3,0
Kerry McCommons,3,10,3,0
Kitty McCormick,3,6,3,0
Richelle Smallwood,3,3,3,0
Kelsey McCrann,3,8,3,0
Celia McGowan,3,18,3,0
Emily McCraw,3,8,3,0
Ashley McErlean,3,6,3,0
Jillana McCray,3,5,3,0
Sarah McCrory,3,3,3,0
Prof. Michael McGaugh,3,8,3,0
Megan McGee,3,4,3,0
Michelle Scher,3,7,3,0
Dr. Kristen Martin,3,16,3,0
Dr. Daniel Marston,3,25,3,0
Anne Marsland,3,12,3,0
Adrian Lory,3,8,3,0
Laura Lindell,3,10,3,0
Kirk Sheppard,3,15,3,0
Jean Loar,3,34,3,0
Trina Lindsey,3,3,3,0
Carol Lino,3,14,3,0
Taianne Linton,3,7,3,0
Susan Lipkin,3,30,3,0
Heather  Sheidler,3,13,3,0
Dr. Rhoda Lipscomb,3,28,3,0
Africa Logan,3,5,3,0
Adrienne Logan,3,22,3,0
Rachel  Logan,3,10,3,0
Christie Lollar,3,20,3,0
Sarah Shears,3,10,3,0
Janine Long,3,7,3,0
Claudia Lopez,3,6,3,0
Tanya Lorenzi,3,5,3,0
Grace Sherman,3,10,3,0
Brittany Sherman,3,4,3,0
Brandy Littler,3,7,2,1
Shequitta Lenoir,3,7,3,0
Dona Leith,3,8,3,0
Annette Levesque-Nieman,3,20,3,0
Lindsey Lemmon,3,7,3,0
Dr. Loree Shrager,3,6,3,0
Kadottie Shrader,3,8,3,0
Janet Lengsfelder,3,25,3,0
Dr. Ralph Levinson,3,27,3,0
Rebecca Short,3,5,3,0
Adriana Liburdi,3,10,3,0
Meghan Leonard,3,5,3,0
Melanie Lepine,3,20,3,0
Tania  Lewis,3,10,3,0
Camille Lewis,3,5,3,0
Sarah Lewis,3,14,3,0
Mark Shoemaker,3,3,3,0
Funmi Shodeko,3,5,3,0
Shenethia Shaw,3,12,2,1
Amber  Love,3,5,3,0
Gwendolyn  Marentes,3,3,3,0
Bridget Lovejoy,3,15,3,0
Dr. Megan Septer,3,13,3,0
Kelly Maher,3,10,3,0
Kristin Sellke,3,16,3,0
Tonya Major,3,19,3,0
John Sellars,3,3,3,0
Tara Sell,3,7,3,0
Audrey Mallard,3,5,3,0
Pamela Mallette,3,12,3,0
Christopher Seigel,3,3,3,0
Paula Maloney,3,15,3,0
Luanne Maniacek,3,32,2,1
Marcia Seeberg,3,27,3,0
Dr. Elizabeth Seebach,3,30,3,0
Marissa Seder,3,10,3,0
Samantheo Marcellus,3,10,3,0
Jennifer Sears,3,3,3,0
Wally Scull,3,5,3,0
Marian Maguire,3,20,3,0
Kristen Sessoms,3,3,3,0
Amber Madden,3,10,3,0
Alia Luqman,3,7,3,0
Aubree Lovelace,3,3,3,0
Amy Lowery,3,8,3,0
Marjorie Lucas,3,35,3,0
Lawrence Lucas,3,20,2,1
Alisa  Sharoikina,3,6,3,0
Jessica Luckey,3,19,3,0
Angee Luinstra,3,19,3,0
Jillian Luttrell,3,3,3,0
Rick Macnamara,3,27,3,0
Susan Shadley,3,5,3,0
Kayla Luu,3,5,3,0
Jackie Lynch,3,4,3,0
Robert Mace,3,15,3,0
Laura Machado,3,7,3,0
Camille Mackey,3,14,3,0
Brittany MacLeod,3,14,3,0
Shakera  Jackson,3,3,3,0
Sharon Kim,3,3,3,0
Chelsea Taylor,3,6,3,0
Ashton Taylor,3,8,3,0
Craig Hales,3,15,3,0
Merredith Stuelpe,3,15,3,0
Dr. Angie Hernandez,3,6,3,0
Priscilla Hurt,3,12,3,0
Christine Horne,3,7,3,0
Dr. Dee Hann-Morrison,3,20,3,0
Ashley Hudson,3,5,3,0
Melissa Hamilton,3,13,3,0
Dr. Jody Huntington,3,15,3,0
Ezra Stone,3,3,3,0
Natalie Hunter,3,7,3,0
Dariea Stewart,3,12,3,0
Shay Harris,3,35,2,1
Bob Hennen,3,6,3,0
Thomas Hofmann,3,38,3,0
Tenisha Hunter,3,9,3,0
Elizabeth Hansen,3,17,3,0
Hope Hendrix,3,3,3,0
Menachem Stulberger,3,9,3,0
Jennifer Haney,3,10,3,0
Megan Huth,3,4,3,0
Karen Heinrich,3,23,3,0
Jennifer Iannuzzi,3,3,2,1
Sonica Thakur,3,6,3,0
Evelyn  Holmes,3,30,3,0
Nickole Iadarola,3,11,3,0
Hilary Hitte,3,9,3,0
Brandon Hertzog,3,5,3,0
Melissa  Horne,3,4,3,0
Kathryn Heinzen,3,3,3,0
Theresa Hypse,3,16,3,0
Melissa Hummelt,3,10,3,0
Heidi Summers,3,23,3,0
LaShanna Stephens,3,12,3,0
Annemarie Halbert,3,16,3,0
Shelly Handrow,3,18,3,0
Sarah Hewitt,3,4,3,0
Michelle Hughett,3,4,3,0
Funmilola Taiwo,3,10,3,0
Audrey Hicks,3,6,3,0
Robyn Hunt,3,9,3,0
John Horsley,3,18,3,0
Victoria Hoyt,3,22,3,0
Dr. Lisa Stevens,3,17,3,0
Sarah Taylor,3,3,3,0
Abbey Tenczar,3,20,3,0
Ricardo Hidalgo,3,40,3,0
Chelsie Healy,3,9,3,0
Marissa Hancock,3,3,3,0
Lauren Taylor,3,10,3,0
Stephanie Howell,3,11,3,0
Kristina Taylor,3,9,3,0
Antonia Houston,3,9,3,0
Dr. Malena Taylor,3,17,3,0
Kate  Higgins,3,20,3,0
Elizabeth Stinson,3,17,3,0
Tyler Higley,3,5,3,0
Julia  Talmadge,3,30,3,0
LaReina  Herron,3,3,3,0
Jason Howard,3,21,3,0
Melissa  Hildebrand,3,5,3,0
Sarah Stevens,3,8,3,0
Annika Hansen,3,10,3,0
Christina Huber,3,7,3,0
Christina Stuckey,3,10,3,0
Jessica Stern,3,3,3,0
Elizabeth Hammond,3,3,3,0
Karolyn  Sullivan,3,3,3,0
Janet Hardin,3,3,3,0
Chad Stewart,3,4,3,0
Joseph Stertz,3,5,3,0
Synthia Lawton,3,3,3,0
Leslie Sullivan,3,9,3,0
Daniel Helvetius,3,3,3,0
Cynthia Herndon,3,20,3,0
Chareece Hall,3,22,3,0
Diana Hartwig,3,6,3,0
Tori Stetzer,3,4,3,0
Ronnie Harris,3,27,2,1
Damika Houston,3,4,3,0
Robert Hickson,3,3,3,0
Amanda Hopkins,3,13,3,0
Michelle Harris,3,17,3,0
Shadia  Ibrahim,3,10,3,0
Annibel Tejada,3,5,3,0
Anissa Ivery,3,6,3,0
Tara Hiller,3,18,3,0
Cherry Temple,3,18,3,0
Paula Steele,3,14,3,0
Shannon Hilliker,3,5,3,0
Maja Steele,3,10,3,0
Conida Hawk,3,21,3,0
Katherine  Gross,3,8,3,0
Laura Strickland,3,3,3,0
Jessica Hartman,3,18,3,0
Danielle Taft,3,3,3,0
Amy Helm,3,8,3,0
Cara Holley,3,3,3,0
Nicole Piccini,3,3,3,0
Lee Hilton,3,12,3,0
Chuck Hohl,3,7,3,0
Sarahbeth Holman,3,3,3,0
Dorye Jackson,3,3,3,0
Elizabeth Ivey,3,4,3,0
Paul Tick,3,27,3,0
Amy Jackson,3,4,3,0
Michael Greenwald,3,5,3,0
Meghan Tafel,3,10,2,1
Megan Tadlock,3,3,3,0
Tinia Holleman-Soto,3,9,3,0
Dr. Hiza Jackson-Price,3,15,3,0
Deborah Helms,3,20,3,0
Edward Jackson Jr,3,3,3,0
Amy Gray,3,6,3,0
Nakkia Grimes,3,10,3,0
Robin Greenwood,3,7,3,0
Evan Steele,3,19,3,0
Lauren Holland,3,9,3,0
Janet Suffel,3,13,3,0
Kimberly Haskins,3,13,3,0
Kristen Sutton,3,4,3,0
Marsja Stearnes,3,3,3,0
Melanie Harshaw,3,3,3,0
Michelle Jackson,3,5,3,0
Corliss Ivy,3,14,3,0
Chivonne  Henry,3,6,3,0
Charles Scott,3,6,3,0
Kayin Ho-ng,3,6,3,0
Valerie Holcomb,3,3,3,0
Dr. Beatrice Ilumin PhD LPCC,3,16,3,0
Scotty Hixson,3,11,3,0
Virginia Inge,3,7,3,0
Leo Inyang,3,10,3,0
Joann Ikeh,3,13,3,0
Joelle Swistak,3,8,3,0
Erin Taylor,3,10,3,0
Kara Gubner,3,7,3,0
Krystlynn Grundtner,3,10,3,0
Sharee Gunner,3,13,3,0
Ann Stromberg,3,12,3,0
Dr. Cherie Swingler,3,3,3,0
DeLayna Stout,3,10,3,0
Caroline Swantkoski,3,5,3,0
Katri Heller,3,20,3,0
Angela Heredia,3,3,3,0
Tina Teel,3,26,3,0
Rhana Henry,3,11,3,0
Brett Haggan,3,13,3,0
Gerald Igboanusi,3,7,3,0
Lani Stoner,3,27,3,0
Mary McFarland,3,3,3,0
Jeffrey Holliday,3,20,3,0
Nicole Teel,3,9,3,0
Kristi Storey,3,8,3,0
Kristine Hoestermann (Maier),3,9,3,0
Catherine (Cate) Temple,3,6,3,0
Julie  Hetherington,3,18,3,0
Dr. Deborah Thibeault,3,12,3,0
Sauda Welch,2,4,2,0
Amanda Gilchrist,2,8,2,0
Jamie Swanson,2,20,2,0
Rachael Roberts,2,7,2,0
Melanie  Towne,2,8,2,0
Lori Seulean,2,12,2,0
Dr. Joe Hammond,2,31,2,0
Isra Shaikh,2,5,2,0
Colleen Cotter,2,3,2,0
Jean Tucker,2,22,2,0
Marie-Irvine Semexant,2,13,2,0
Dawn Tostenson,2,3,2,0
Christine Vazquez,2,11,2,0
Lisa Toth,2,5,2,0
Theresa Hernandez,2,5,2,0
Sue Trezevant,2,3,2,0
Ariel Swanson,2,5,2,0
Mary Wilkinson,2,7,2,0
James Gallegos,2,13,2,0
Jane Sweney,2,11,2,0
Portia Rouse,2,5,2,0
Dr. Lauren Serdencuk,2,13,2,0
Elizabeth Wilmer,2,8,2,0
Darby Walton,2,10,2,0
Marcus Shumate,2,8,2,0
Leslie Black,2,4,2,0
GUIOMAR TRONCONE,2,15,2,0
Robin Sweeney,2,12,2,0
Julie  Tracy,2,23,2,0
Jennifer  Riche,2,3,2,0
Jennifer Ziino,2,12,2,0
Donna  Zientek,2,10,2,0
Virginia Sanchez-Valdez,2,3,2,0
Tiffany Trombley,2,10,2,0
Autumn Zerendow,2,3,2,0
Dawn Sheffield,2,4,2,0
Myra Ricketts,2,21,1,1
April Zariczny,2,5,2,0
Sherry Sheffield,2,6,2,0
Shameca Ricks,2,7,2,0
Kari Riddell,2,9,2,0
Jean Zelenko,2,3,2,0
Amanda Shaw,2,5,2,0
Parthena Zapata,2,9,2,0
Dorian Turner,2,7,2,0
Kiana  Shelton,2,3,2,0
Abby Sheneman,2,8,2,0
Katherine Sanchez,2,4,2,0
Erica Zachary,2,22,2,0
Amanda Turner,2,13,2,0
Lois Suh,2,22,2,0
Jason Shepherd,2,10,2,0
Panya Rowe,2,8,2,0
Candy Rogers-Prosper,2,12,2,0
Adriana Sanchez,2,3,2,0
Caroline Sherman,2,3,2,0
Wendy Turney,2,6,2,0
RobDreka  Shaw,2,6,2,0
Megan Tracy,2,9,2,0
Kaci  Krpec,2,7,2,0
Kathi Sutton,2,8,2,0
Holly  Trimble,2,3,2,0
Emily Roll,2,13,2,0
Erin Swem,2,3,2,0
Cynthia “Cyndi” Richards,2,5,2,0
Gabrielle Gardner,2,5,2,0
Emily Rokon,2,3,2,0
Ellen Sweeney,2,13,2,0
Cherie Shanko,2,3,2,0
Theresha Hill,2,9,2,0
Yettel Jimenez,2,5,2,0
Diedre Shaffer,2,15,2,0
Nicole Davis,2,12,2,0
Dr. Melissa Ginsberg Alletto,2,20,2,0
Daina Sutton,2,3,2,0
Lauren  Shapiro,2,7,2,0
Kayleen Shaw,2,14,2,0
Bret Turecek,2,5,2,0
C. Alan Bentley,2,12,2,0
Andrea Tristan,2,7,2,0
Anchetta Sutton,2,3,2,0
Ann Smith,2,11,2,0
Melissa Sweeney,2,3,2,0
Alison Sharp,2,11,2,0
Chelsea Sharshel,2,3,2,0
Charlotte  Zureick,2,6,2,0
Chanell Shavers,2,6,2,0
Jennifer  Turk,2,20,2,0
Dr. Ashley Sutton,2,8,2,0
Michelle Sanders,2,8,2,0
Heather Zelaya,2,8,2,0
Maria Roman,2,13,2,0
Angelica Sandoval,2,16,2,0
Jessica Seidel,2,7,2,0
Sara Ross,2,15,2,0
Jamia Poole,2,3,2,0
Michelle Thompkins,2,30,2,0
Ryan Thomure,2,6,2,0
Latisha Taylor Ellis,2,8,2,0
Rachel Schimmel,2,12,2,0
Kira Parris-Moore,2,11,2,0
Elizabeth DiNardo,2,7,2,0
Tiarra Abu-Bakr,2,3,2,0
Genee  Tinsley,2,8,2,0
Logan Reich,2,6,2,0
Jacki Thomas,2,10,2,0
Amanda Sands,2,6,2,0
Catherine Claybrook,2,16,2,0
Stacie Scherer,2,15,2,0
Stephanie Calvert Schuler,2,15,1,1
Melissa Schmidt,2,6,2,0
Bill Rehkamp,2,15,2,0
Heather Oldham,2,3,2,0
Chasity Thornton,2,8,2,0
Jessica Todd,2,3,2,0
Veronica Sandoval,2,5,2,0
Stephanie  Harris,2,7,2,0
Melanie Fikse,2,10,2,0
Erin Schneider,2,5,2,0
Cassandra  Taverna,2,5,2,0
Samantha Schmitt,2,5,2,0
Dr. Dana Taylor,2,20,2,0
Meghan Reilly,2,3,2,0
Michelle Schneider,2,13,2,0
Nicole Rossetti,2,7,2,0
Kathleen Jones,2,21,2,0
Jennifer Schneider,2,8,2,0
Randee Thomas,2,4,2,0
Dr. Josefa Molina,2,40,2,0
VICTORIA TERRILL,2,19,2,0
"Leslie Rowan, MA, LMFT",2,5,2,0
Kelly  Thomack,2,3,2,0
Duane Baldwin,2,8,2,0
Alexandra Reeves,2,4,2,0
Rachel Fastow,2,3,2,0
Allison Dreshfield,2,5,2,0
Alex Sauer,2,4,2,0
Christine  Tierramar,2,5,2,0
Michele Rosen,2,3,2,0
Emily Rosenbaum,2,8,2,0
Dawn Reese,2,3,2,0
Melanie Ross,2,19,2,0
Ashley Rees,2,6,2,0
Patricia Day,2,7,2,0
Dr. Verletta Saxon,2,3,2,0
Rebecca Tekeian,2,5,2,0
Erika Sandstedt,2,20,2,0
Jessica Moore,2,19,2,0
Miki Savage,2,10,2,0
Carel Camerer,2,3,2,0
Kim Scheft,2,29,2,0
Nichelle Roseberry,2,11,2,0
Sarah Laughlin,2,3,2,0
Lena Nicodemus,2,3,2,0
Madeline Johnson,2,3,2,0
Kelsey Pederson,2,,2,0
Stephanie Sanz,2,3,2,0
Ariel Macon-Richard,2,10,2,0
Lynda Savage,2,30,2,0
Jennifer Savage,2,,2,0
Heidi Hulbig,2,3,1,1
Desirae Thompson,2,13,2,0
Reagan Thompson,2,17,2,0
Dr. Samantha Schoonover,2,20,2,0
Dr. Nicole Thweatt,2,15,2,0
Gabriela Segnini,2,3,1,1
Melissa  Travers,2,3,2,0
Merlyn Antony,2,5,2,0
Stefanie Scudera,2,14,2,0
Jessica Dashevsky,2,10,2,0
Dr. Dana Scoville,2,23,2,0
Dr. Sarah Scott,2,5,2,0
Ashley Roueche,2,5,2,0
Alyssa Talbot,2,4,2,0
Jennie Bogaert,2,25,2,0
Diedre Wade,2,8,2,0
Deirdre Philpott,2,20,2,0
Kimberly Scott,2,32,2,0
Phyllis Taliaferro,2,3,2,0
Dr. Gina Torino,2,10,2,0
Dr. Stacie Bennett,2,21,2,0
Dr. Lisa Tait,2,28,2,0
Dr. Gerardo Torres Torres,2,3,2,0
Angela Tallman,2,10,1,1
Corinne Rhoades,2,5,2,0
Salvatore Seeley,2,13,2,0
Dr. Tracy Tilton,2,3,2,0
Kristine Cavanaugh,2,12,2,0
Chad Hanson,2,16,1,1
MaryJane Seefeldt,2,3,1,1
Dr. Debra Szymanski,2,3,2,0
Elanna Tryon,2,10,2,0
Kipp Trembley,2,15,2,0
Susan Rhodes,2,15,2,0
Jeanmarie Reynolds,2,20,2,0
Carly Sedgwick,2,12,2,0
"Patricia ""Tricia"" Taglialavore",2,7,2,0
Kelsi Godwin,2,3,2,0
Julius Fellows,2,8,2,0
Josh Reynolds,2,15,2,0
Milagros  Reyes Luciano,2,10,2,0
Lisa Schrakamp,2,25,2,0
Jeanette Tolson,2,14,2,0
Ibrahim Choudhary,2,3,2,0
Lisa Otto,2,7,2,0
Dan Fortunato,2,5,2,0
Melanie Tomalia,2,3,2,0
Chester Reyes,2,11,2,0
"Dr. Terence ""Terry"" Rooney",2,35,2,0
Elaine Mains,2,9,2,0
Kathryn Schwab,2,22,2,0
Kathleen Lourenco,2,3,2,0
Hosi Rosta,2,7,2,0
Kelly Schreiber,2,12,2,0
Emma (Orlene) McKellar,2,25,2,0
Nicole Terrazas,2,10,2,0
Christine Schulze,2,24,2,0
Analia Almada,2,16,2,0
Paul Schroeder-Haag,2,3,2,0
Janet Thies,2,10,2,0
Angela Keller,2,15,2,0
Kristina Tran,2,7,2,0
Dr. Hope Mowery,2,15,2,0
Rita Remison,2,3,2,0
Virginia Trainor,2,3,2,0
Aaron Relyea,2,17,2,0
Yolande McVey,2,3,2,0
Samantha Toney,2,12,2,0
Lesley Schwam,2,10,2,0
Sally Schulman,2,3,2,0
Sharon Rothman,2,10,2,0
Charlie Dennis,2,5,2,0
Rachell Nord-Roseau,2,6,2,0
Denise Tompkins,2,18,2,0
Shane Schuhmacher,2,3,2,0
Kristina Shimokawa,2,12,2,0
Mary Belle Wright,2,15,2,0
Cheryl Youngblood,2,4,2,0
Jennifer Wheeler,2,9,2,0
Alyssa Vida,2,7,2,0
Wendy Whinnery,2,4,2,0
"Barbara ""BJ"" Wagner",2,12,2,0
Carmie Robertson,2,12,2,0
Cherie White,2,17,2,0
Jazmin Roberts,2,9,2,0
Michelle Whyte,2,6,2,0
Andrew Roberts,2,6,2,0
Amanda Vickers,2,3,2,0
Kristal Wichman,2,13,2,0
Tommy Saathoff,2,29,2,0
Ashley Widmayer,2,13,2,0
Tina White,2,10,2,0
Deborah Sabatino,2,10,2,0
Laura Solomon,2,19,2,0
Kelly Whitmire,2,17,2,0
Barbara Rye,2,30,2,0
Helena Solomon,2,14,2,0
Christine Wagner,2,20,2,0
Mattracea Wendleton,2,3,2,0
Claudia Stephens,2,25,2,0
Carla Spearman,2,12,2,0
David Robertson,2,6,2,0
Patricia  Spataro,2,20,2,0
Dana Stewart,2,7,2,0
Emily Sparks,2,3,2,0
Meghan Westerman,2,5,2,0
Laura Sparkman,2,7,2,0
Ashley Westphal,2,5,2,0
Gloria Wetterstrom,2,11,2,0
Christina  Weyer,2,9,2,0
Leslie Robertson,2,5,2,0
Diane Weyman,2,25,2,0
Julie Ryan,2,3,2,0
Alison Solomon,2,29,2,0
Janiece Wieschhaus,2,20,2,0
Kizzie Wells-Daniels,2,23,2,0
Shaun Robbs,2,32,2,0
Kelly Smith,2,5,2,0
Kariean Smith,2,14,2,0
Carol Williams,2,20,2,0
Holly Waddell,2,8,2,0
Nisha Saintelus,2,3,2,0
Jenai Tidwell,2,,2,0
Patricia Smith,2,5,2,0
Cathy Smith,2,3,2,0
Irena Stj,2,8,2,0
Dr. James Ruby,2,22,2,0
Ada Williams,2,5,2,0
Edith Villanueva,2,7,2,0
Janet Rodriguez,2,12,2,0
Dr. Christina Salama,2,5,1,1
Christopher Villalobos,2,8,2,0
Valerie Smith,2,23,2,0
Sherrie Wade,2,10,2,0
Takiedra White,2,3,2,0
Christine Vincent,2,23,2,0
Conicka Wiggins,2,13,2,0
Kristen  White-Madsen,2,8,2,0
LaVerne Stevens,2,20,1,1
Susanne Sogar,2,5,2,0
Celeste Wiggins,2,3,2,0
Rami Vissell,2,15,2,0
Kelley Snow Watson,2,6,2,0
Kari Viola-Brooke,2,8,2,0
Wendy Snider,2,18,2,0
Derrick Stevens,2,20,2,0
Raquel Rodriguez,2,12,1,1
"Tomas ""TJ"" Wildenborg",2,3,2,0
Jessica Wade,2,8,2,0
Leslie Wilder,2,8,2,0
Dr. Tamela Sadler,2,20,2,0
Cheri Wakeham,2,4,2,0
Maggie Weisenberger,2,11,2,0
Tasha Willaford,2,3,2,0
Silka Steele,2,10,2,0
Ellen Walker,2,30,2,0
Tamikah Watford,2,3,2,0
Marsha Watkins,2,6,2,0
Krystle Steeley,2,4,2,0
LaToya Walker,2,8,2,0
Michelle Watson,2,10,2,0
Bethany Robson,2,38,2,0
Deanna Stacy,2,8,2,0
Leah Walker,2,6,2,0
Scott Steenbergh,2,3,2,0
Shannon Watts,2,5,2,0
Tara Watts,2,20,2,0
Dr. Josephine Rodriguez,2,8,2,0
Tamara Weathers,2,10,2,0
Paul Weaver,2,6,2,0
Brittney Waterhouse,2,4,2,0
Joseph Wall,2,4,2,0
Julie Weaver,2,9,2,0
Rebecca Walls,2,13,2,0
Katherine Walton,2,5,2,0
Taras Stashkiv,2,5,2,0
Lisa  Walton,2,13,2,0
Meridith Starling,2,15,2,0
Anquitra  Walton,2,3,2,0
Nancy Walz,2,30,2,0
Makayla Stanton,2,3,1,1
Robin Warnberg,2,4,2,0
Shu-Ching Wang,2,3,2,0
John Stawarz,2,12,2,0
M. Charlotte Rochon,2,11,2,0
Dr. Amy Ward,2,7,2,0
Rachel  Stanton,2,6,2,0
Cynthia Stansell,2,8,2,0
Shannon Wargo,2,11,2,0
Bridget Stevens-Murphy,2,8,2,0
Jon St. Peter,2,3,2,0
Erica Rodriguez,2,5,2,0
Cynthia (Cindy) Spring,2,38,2,0
Sarah Walgenbach,2,3,2,0
Shanel Robinson,2,4,2,0
Dr. Ronald Spencer,2,30,2,0
Rachel Weldon,2,8,2,0
Chad Spencer,2,21,2,0
Amanda Spencer,2,16,2,0
David  Rust,2,3,2,0
Ashley Wells,2,3,2,0
Jamie Wells,2,3,2,0
Valerie Rutherford,2,15,2,0
Theresa  Weise,2,10,2,0
Amy Robichaud,2,21,2,0
Dr. Dorothy Rutherford-Steiss,2,8,1,1
Tara Wells,2,4,2,0
Tina Stevenson,2,21,2,0
Betty Weeks,2,8,2,0
Melissa Walker,2,,2,0
Dr. Angela  Webb,2,12,2,0
Diana Ruiz,2,6,2,0
Erin Webb,2,3,2,0
Willyn Webb,2,25,2,0
Karissa Rumsey,2,16,2,0
Maya Robinson,2,4,2,0
Lisa Spindle,2,6,2,0
Michelle Webb-Fridman,2,15,2,0
Alyssa Webb-McCune,2,3,2,0
Toneshia Webber,2,3,2,0
Jennifer  Walker,2,9,2,0
Aileen Stein,2,3,2,0
Dr. Lisa Weber-Curry,2,25,2,0
Lynda St-Pierre,2,3,2,0
Joan Webster,2,11,2,0
Yarely Ruiz,2,3,2,0
Cassandra Walker,2,14,2,0
Ashley Stock,2,3,1,1
Rhiannon Williams,2,10,2,0
Dr. Anastasia Zyuban,2,9,2,0
Deidra Rimsky,2,14,2,0
Erin Wurtemberg,2,3,2,0
Anita Rogers,2,4,2,0
Katie Worthington,2,10,2,0
Juanita Riley,2,30,2,0
Sherita Riley,2,3,2,0
Charles Yin,2,3,2,0
Suzanne  Riley,2,6,2,0
Jean Stuto,2,4,2,0
Denielle Rigoglioso,2,10,2,0
Carol Silberman,2,31,2,0
Kimberly Sampson,2,11,2,0
Kelsi Yonting,2,3,1,1
Megan Sihle,2,13,2,0
Jennifer Samsom,2,8,2,0
Kelly Warner,2,4,2,0
Nicole Woolery,2,12,2,0
Bernice Varela,2,9,2,0
Catherine Yakunovich,2,5,2,0
Heidi Rimstad,2,9,2,0
Jennifer Wiss,2,8,2,0
Patrick Woodruff,2,3,2,0
Jennifer Salvi,2,10,2,0
Leonis Woods,2,6,2,0
Jo Ann Simmons,2,3,2,0
Jennifer Simmons,2,9,2,0
Kristin Rinehart,2,28,2,0
Barbara Varga,2,17,2,0
Stephen Samet,2,30,2,0
Nadia Samhouri,2,14,2,0
Liana Unger,2,11,2,0
Holly Stuckey,2,20,2,0
Dr. LaKeesha Woods,2,10,2,0
Robert Woods Jr,2,12,2,0
Elizabeth Valera,2,5,2,0
Sasha-Noelle  Udom,2,8,2,0
Heidi York,2,3,1,1
Ankur Varma,2,8,2,0
Jennifer Young,2,17,2,0
Donna San Salvador,2,8,2,0
Alex Young,2,4,2,0
Courtney Surigao,2,16,2,0
Brian VanBrakle,2,10,2,0
Chelsea Sanburg,2,3,2,0
Martin Sussman,2,30,2,0
Ingrid VanAlstyne,2,15,2,0
Keeli Sholtey,2,4,2,0
Genesis Yera,2,3,2,0
Lisa Young,2,17,2,0
Kendra Young,2,3,2,0
Dr. Keisha Rogers,2,10,2,0
Dr. Paul Van Zeumeren,2,9,2,0
Melanie Shobe-Wierwille,2,11,2,0
Michael Zwizanski,2,5,2,0
Amanda Suratt,2,9,2,0
Linda Sumrall,2,21,2,0
Marcus Riggs,2,4,2,0
Yolanda Rogers,2,10,2,0
Rita Udelhoven,2,35,2,0
Christi Rogers,2,8,2,0
Dr. Jeffrey Riffle,2,12,2,0
Nancy Valdes,2,10,2,0
Stephanie Shwed,2,35,2,0
Jennifer Shumaker,2,5,2,0
Kirsten Suarez,2,3,2,0
Harry Satariano,2,27,2,0
Karen Riffer-Reinert,2,37,1,1
Rachel Samuelson,2,4,2,0
Diane Shrock-Wang,2,22,2,0
Londa Vance,2,3,2,0
Kathleen San Filippo,2,20,2,0
Sandy Rogers,2,3,2,0
Jenna Sumner,2,14,2,0
Virginia Sullivan,2,10,2,0
Andrea Wirshing,2,9,2,0
Cherrice Smith,2,11,2,0
Stephanie  Smith,2,3,2,0
Susan Smith,2,5,2,0
Miguel Rivera,2,20,2,0
Monique Williams,2,9,2,0
Dr. Jerry Smith,2,20,2,0
Sawndra Williams,2,3,2,0
Linda Saleski,2,45,2,0
Lindabeth Rivera,2,4,2,0
Cassandra Williams,2,10,2,0
Lily Vega,2,4,2,0
Terri Williams,2,5,2,0
Cristin Small,2,20,2,0
Charlotte Williams,2,3,2,0
Angela Sluzalis,2,12,2,0
Carynne Williams,2,12,2,0
Vanessa  Vega,2,5,2,0
Sara Veo,2,5,2,0
Amber  Smith,2,10,2,0
Kristin  Van Scoyk,2,12,1,1
Kailee Smith,2,3,2,0
Stan Smith,2,20,2,0
Iamina Stoian,2,5,2,0
Ana Salazar,2,3,2,0
Kristina Williams,2,4,2,0
Shelley Smith,2,20,2,0
Dr. Blanche Williams,2,35,2,0
Michael Ruberton,2,40,2,0
Kineta  Williams,2,10,2,0
Candace Williams,2,20,2,0
Meacco Verdun,2,18,2,0
Dr. Avis Smith,2,13,2,0
Lisa Stone,2,11,2,0
Tracey Smith,2,3,2,0
Taylor Stotler,2,6,2,0
Cinnamin Rivers,2,10,2,0
Brittany Van Steenis,2,10,2,0
Dominique Salinas,2,4,2,0
Jennifer Wirfel,2,5,2,0
Janet Urdahl,2,20,2,0
Liz Wine,2,10,2,0
Tanisha Winfrey,2,3,2,0
Molly Wollenweber,2,4,2,0
Monika Urbanska,2,3,2,0
Dr. Bobby Winkler,2,30,2,0
Anthony Winn,2,3,1,1
Dr. Connie  Won,2,10,2,0
Jenna Sinclair,2,9,2,0
Melissa  Stroup,2,15,2,0
Ammarritta Simpson,2,5,2,0
Gail Winsey,2,10,2,0
Fred Risard,2,15,2,0
Jane Sullivan,2,8,2,0
Armeda Winter,2,11,2,0
Karen Salsman,2,10,2,0
Taylor Wolfe,2,3,2,0
Carrington Singmaster,2,3,2,0
Christalyn Williams,2,14,2,0
Shirley Salomon,2,21,2,0
Latrice Willis,2,9,2,0
Deborah Slevin,2,10,2,0
Carissa Streich,2,7,2,0
Samantha Slater,2,5,2,0
Lisa Willmon,2,,2,0
Erica Van Leuven,2,21,1,1
Robyn Royall,2,25,1,1
Daria  Willoughby,2,3,2,0
Rachel Willoughby Greene,2,6,2,0
Dr. Darla Slagh,2,5,2,0
Jerry Skogmo,2,35,2,0
Annie Wilson,2,5,2,0
Kate Strolle,2,11,2,0
Shasta Sitton,2,14,2,0
Valerie Sisson,2,25,2,0
Tami Sasson,2,4,2,0
Erika Berg,2,3,2,0
Shakeerrah Lawrence,2,6,2,0
Alyssa Leyva,2,6,2,0
Lauren Chianciola,2,11,2,0
Dr. Sarah Kertz,2,10,2,0
Lisa Chhabra,2,10,2,0
Mandy Kessler,2,12,2,0
Charnequa Kennedy,2,14,2,0
Nicolette Ketzer,2,6,2,0
Kayse Key,2,9,2,0
Chrissie  Chua- Ly van manh,2,3,2,0
Stephanie Cherry,2,3,2,0
L'Oreal  Cherry,2,8,2,0
Assma Khatib,2,5,2,0
Rev. Rodney Kerr,2,31,2,0
Jennifer King,2,13,2,0
Shelby Kibler,2,3,2,0
Lee King,2,20,2,0
Michelline Kiezer-Roles,2,13,2,0
Stacy  Kilburn,2,9,2,0
Ellen Chernoff Simon,2,25,2,0
Brittany Kipnis,2,3,2,0
Emmogene Chepely,2,5,2,0
Dr. Ken Chen,2,5,2,0
Dr. Jason Kloss,2,3,2,0
Carol Kenison,2,17,2,0
Nora Church,2,3,2,0
Hillari Klynn,2,25,1,1
Monet Clark,2,15,2,0
Anthony Clark,2,27,2,0
Gary Clark,2,30,1,1
Darbi Keene,2,3,2,0
Joel Karr,2,33,1,1
Jolie Clark,2,3,2,0
Paola Kasenetz,2,10,2,0
Crystal  Kehl,2,7,2,0
Casey Keith,2,5,2,0
Tyler Keith,2,3,2,0
Michele Keller,2,10,2,0
Andrea Kelley,2,8,2,0
Andrew Kendrick,2,3,2,0
Kent Kelley,2,20,2,0
April Clanton,2,21,2,0
Dr. Jeff Kelly,2,19,2,0
Amanda Cisse,2,12,2,0
Scott Kilousky,2,3,2,0
Elana Cirulnick,2,19,2,0
Simona Cirio,2,13,2,0
Dr. Maria Kim,2,15,2,0
Helen Kim,2,10,2,0
Dr. Angela Terreros,2,20,2,0
Marcy Kirkland,2,20,2,0
Lori Cheek Gilroy,2,26,2,0
Jennifer Keena,2,22,2,0
Ivy Kowalski,2,10,2,0
Ronald Koval,2,20,2,0
Dr. Alexander Kohl,2,12,2,0
Santorri Chamley-Watson,2,5,2,0
Shannon Chamblee,2,3,2,0
Dr. Nadene Chambers,2,10,2,0
Jennifer Lachance-Poirrier,2,5,2,0
Dr. Nicole (Nikki) Lacherza-Drew,2,7,2,0
Mike Catanzarito,2,10,2,0
Kristine Catalogna,2,5,2,0
Dr. Michael Catalanello,2,27,2,0
Colin Kowlessar,2,10,2,0
Amy Chandler,2,15,2,0
Ungria Castillo,2,4,2,0
Adam Kusler,2,18,2,0
Erin Lae,2,15,2,0
Beatrice Lafleur,2,12,2,0
Laurie-Anne Kuzel,2,6,2,0
Kelley Kramer,2,4,2,0
Natasha Cerrillo,2,5,2,0
Karla Lagos,2,14,2,0
Craig Caspari,2,3,2,0
Mazda Lakpour,2,10,2,0
Alicia Kovac,2,14,1,1
Joel Kouame,2,6,2,0
Mollie Knapp,2,4,2,0
Matthew Chingren,2,13,2,0
Paulette Chobot,2,3,2,0
Adriana Chizan,2,20,2,0
Sonya Kirven,2,3,2,0
Nicole Konen,2,3,1,1
Dedra Chavis,2,13,2,0
Maria Chavez-Brown,2,7,2,0
Kathryn Konicek,2,5,2,0
Jessica Chavez,2,18,2,0
Kristine  Koos,2,8,2,0
Rondel Kittleman,2,3,2,0
Paloma Chavez,2,7,2,0
Elizabeth Kotkin,2,30,2,0
Danielle Stone,2,5,2,0
Brooke Knowles,2,4,2,0
Lashica Charley,2,15,2,0
LaTonya Charles,2,17,1,1
Alison Kliegman,2,7,2,0
Lisa Koble,2,11,2,0
Tynashkee Chapman Colbert,2,3,2,0
Whitney Chapman,2,6,2,0
Dr. David Koehn,2,43,2,0
Nina  Koen,2,10,2,0
Stephanie Clowdus,2,4,2,0
Dr. & Mrs. Sylvia Kalicinski,2,15,2,0
Joanna Krasnisky,2,6,2,0
Dr. Mia Johnson,2,10,2,0
Ashley Jesse,2,10,2,0
Alexandra Jeffery,2,3,2,0
Tara Jiminez,2,10,2,0
Haesue Jo,2,9,2,0
Kelly Cook,2,3,2,0
Linda Johannisson,2,27,2,0
Audrey  Johnsen,2,15,2,0
Michelle Cook,2,15,2,0
Erik Jensen,2,3,2,0
Stacie Cook,2,18,2,0
Tomiah Conley,2,12,2,0
Jennifer Cooney,2,3,2,0
Kristen Johnson,2,19,2,0
Victoria Johnson,2,4,2,0
Cortney Johnson,2,5,2,0
Kalimah Johnson,2,20,2,0
Elsie Johnson,2,7,2,0
Amy Johnson,2,20,2,0
Virginia  Haesler,2,10,2,0
Elizabeth Congo,2,11,2,0
Dr. Cherise  Johnson,2,12,2,0
Amanda Johnson,2,6,2,0
Cydaria Cooke,2,5,2,0
Daniel Jaynes,2,9,2,0
Jack Johnson,2,31,2,0
Kathleen Corona,2,19,2,0
Clark Corwin,2,30,2,0
Angela  Jackson,2,9,2,0
Sharlotte Jackson,2,6,2,0
Magdalene  (Magda) Jackson-Cooper,2,32,1,1
Dr. Jeri  Cox,2,3,2,0
Ashley Cox,2,15,2,0
Karen Corona,2,13,2,0
Jamell Jacobs,2,5,2,0
Hollie Jacobs,2,17,2,0
Dr. Perri  Jacobs,2,30,2,0
Cynthia Jagodzinski,2,3,2,0
Peter Jastermsky,2,32,2,0
Sabrina James,2,10,2,0
Carolyn  Coppedge,2,3,2,0
Michael James,2,20,2,0
Kristina Copley,2,12,2,0
Tonya Coover,2,3,2,0
Guy Cooper,2,13,2,0
Richard James,2,3,1,1
Kathleen Cooley,2,40,2,0
Ashley Waddell,2,4,2,0
Tyler Jansen,2,3,2,0
John Johnson,2,25,2,0
Kayla Johnson,2,5,2,0
Chana Cohen,2,20,2,0
Tyler Cole,2,5,2,0
Angelique Colemere,2,3,2,0
Kilsis  Julia Tugores,2,8,2,0
Amber Coleman,2,3,2,0
Crystal Justice,2,11,2,0
Cheryl Coleman,2,3,2,0
Megan Justice,2,4,2,0
Alisha Coleman,2,14,2,0
Thomas Kaufman,2,6,2,0
Vanessa Kadado,2,3,2,0
Dr. Daniel Kaufmann,2,10,2,0
Margaret Kaelin,2,3,2,0
Tiffany Juarez,2,6,2,0
Brigitte  Kay,2,20,2,0
Jonathan Closner,2,15,2,0
Tina Closius,2,8,2,0
Leslyn Kantner,2,11,2,0
Zachary Kahmeyer,2,3,2,0
Adrianne Clinton,2,11,2,0
Chana Kaiman,2,15,2,0
Bobbi Cleary,2,13,2,0
Bridget Coker,2,3,2,0
Denise Kee-White,2,23,2,0
Wendy Jublou,2,5,2,0
Dina Josif  Sullivan,2,3,1,1
Sabrina Coneway,2,4,2,0
Autumn Jones,2,13,2,0
Valarie Johnson,2,4,2,0
Cara Compton,2,8,2,0
Dr. Camilla Connor,2,15,1,1
Katherine Jones,2,3,2,0
Rachel Connor,2,6,2,0
Kimbalie  (Kim) Commissiong,2,12,2,0
Geethu Johny,2,6,2,0
Theresa Connelly,2,3,2,0
Brittany Jones,2,6,2,0
Melissa Collins,2,3,2,0
Taronda Jones,2,7,2,0
Amanda Jordan,2,6,2,0
Allison Jones,2,9,2,0
Jayne Lane,2,18,2,0
Brandy Jones,2,10,2,0
Amanda Jones,2,5,2,0
Tenelle Jones,2,23,2,0
Connie Collins,2,25,2,0
Regina Jones,2,10,2,0
Daphne Jones-Gooden,2,10,2,0
Rashandra Collier,2,3,2,0
Staci Jonson,2,13,2,0
Michele Cason,2,8,2,0
Lauren Labeth,2,7,2,0
Lori Brinkley,2,3,2,0
Rachel Lutts,2,23,2,0
Pamela Luckett,2,35,2,0
Linda Luecke,2,21,2,0
Trudy Buckman,2,14,1,1
Mark Luff,2,4,2,0
Apiphanie Lujan,2,3,2,0
Katie Lumaro,2,3,2,0
Lucy Buckley,2,10,2,0
Marlenny Luna,2,10,2,0
Luis Luna,2,5,2,0
Dezaree Lusk,2,5,2,0
Jessica Burger,2,4,2,0
Piyumi Buddhakorala,2,5,2,0
Dr. Tia Buchanan,2,11,2,0
"Caridad ""Chachi"" Lyons McDonald",2,10,2,0
Micheline Maalouf,2,3,1,1
Matthew Macaulay,2,3,2,0
Alexander Macdonald,2,20,2,0
Ida MacDonald,2,25,2,0
Joseph Burclaw,2,5,2,0
Dori Mackel,2,10,2,0
Carol Mackiewicz,2,3,2,0
Michelle Mackin,2,4,2,0
Lisa Lucius,2,10,2,0
Angela Burke,2,15,2,0
Lauren Madden,2,9,2,0
Griszel Long,2,15,2,0
Angela Bush,2,6,2,0
Esther Loera,2,10,2,0
Lauren  Bush,2,10,2,0
Tracey Byram,2,22,2,0
John Loftus,2,9,2,0
Christopher Logan,2,3,2,0
Timothy Logsdon,2,20,1,1
Amanda Loker,2,4,2,0
Vincent Lombardi,2,20,2,0
Renee Burns,2,10,2,0
Ginger  Burns,2,7,2,0
Patricia (Trish) Burkert,2,7,2,0
Devon Burnore,2,11,2,0
Susan Lorenzo,2,18,2,0
Patti Lorenzo,2,9,2,0
Isabel Lorton,2,7,2,0
Steven Losardo,2,3,2,0
Linda Losi,2,25,2,0
Joan Loucraft,2,30,2,0
Dr. Vernyce Burnett,2,11,2,0
Eguenel Louis,2,3,2,0
Elisabeth  Burn,2,9,2,0
Norra MacReady,2,7,2,0
Lacey Maddrey,2,13,2,0
Amy Locklear,2,5,2,0
Kimber Brokaw,2,13,2,0
Eve  Marcus,2,12,2,0
Stephanie Brown,2,7,2,0
Sheila Marshall,2,3,2,0
Amy Marshall,2,10,2,0
Ebony Brown,2,7,2,0
Jesse Marez,2,24,2,0
Kimberly Brown,2,20,2,0
Jill Markowitz,2,5,2,0
Dr. Gerald Brown,2,11,2,0
Denise  Martin,2,3,2,0
Paula Martin,2,30,2,0
Mallory Marshall,2,5,2,0
Nicole Maronde,2,6,2,0
Jill Maroscia,2,3,2,0
Christina  Marquez,2,15,2,0
Cristina Marra,2,10,2,0
Dr. Regina Brian,2,13,2,0
Ashley Brewer,2,16,2,0
Jared Broschart,2,6,2,0
Lynetta Martindale,2,7,2,0
Kathy Martinelli,2,30,2,0
Nereida Martinez,2,14,2,0
LaTrena Marshall,2,6,2,0
Kenneth Brown,2,10,2,0
Arielle Bryant,2,5,2,0
Chelsea Brustad,2,8,2,0
Erica Madge,2,8,2,0
Mischele Maglothin,2,5,2,0
Brittney Maguire,2,6,2,0
Kathlyn (Kathy) Bryant,2,37,2,0
Melanie Mahady,2,8,2,0
Myriam Maida,2,3,1,1
Ty Bullard,2,10,2,0
Sarah Mairesse,2,3,2,0
Jacques Maitre,2,23,2,0
Lauren Waikart,2,5,2,0
Christine Bruso,2,5,2,0
Stacia Marcellin,2,15,2,0
Alysia Mallory-Haynes,2,3,2,0
Myra Brunson-Samuel,2,7,2,0
Ashley Manasse,2,8,2,0
Julienne Manees,2,5,2,0
Chad Brunet,2,10,2,0
Dr. Steven Brownlow,2,25,2,0
Dr. Cheryl Mansfield,2,20,2,0
Dr. Kerene Brown,2,3,2,0
Nancy Brown,2,15,2,0
Mindy Marcantelli,2,12,2,0
Dawn Byrne,2,20,2,0
Rachel Locklear,2,5,2,0
Dr. Kirsten LaMantia,2,10,2,0
Meghan Laybourn,2,11,2,0
Annie Lass,2,6,2,0
Dr. Melinda Lawless Coker,2,29,2,0
Satara Carr,2,12,2,0
Christina Carey,2,3,2,0
Rachel Laudone,2,3,2,0
Jeffrey Lavallee,2,28,2,0
Dan LaVelle,2,6,2,0
Pamela Lawson,2,14,2,0
Tamara Carey,2,5,2,0
James Lawson,2,10,2,0
Jacquelyn Layton,2,3,2,0
Brita Larson,2,3,2,0
Franklin Cardona,2,20,2,0
Yazmin Cardena,2,5,2,0
Pamela  Cardella,2,3,2,0
Joyce Caroll,2,22,2,0
Amanda Capela,2,3,2,0
Kaitlyn Carney,2,3,2,0
Teresa Lee,2,7,2,0
Maria Capehart,2,5,2,0
Kendra Lee,2,3,2,0
Wykeeta Lee,2,10,2,0
Brandie Larson,2,10,2,0
Brett Larsen,2,15,2,0
Rastonya Lee,2,10,2,0
Gretchen  Landry,2,15,2,0
Amy Krause,2,9,2,0
Catrina Labrie,2,3,2,0
Ezra Kreamer,2,16,2,0
Jill Kreimeyer,2,6,2,0
Daren Casagrande,2,10,2,0
Brianna Kriley,2,3,2,0
La Toya Carter,2,10,2,0
Courtney Krsmanovic,2,11,2,0
Josiah Lamerson,2,5,2,0
Anne Landry,2,7,2,0
Kimberly  Lane,2,20,2,0
Yesenia Carrillo,2,4,2,0
Tom Carter,2,10,2,0
Jerrold Langford,2,9,2,0
Nicole Langman,2,10,2,0
Stephanie Lanza,2,8,2,0
Jasmin Carter,2,10,2,0
Nina Lanzetta,2,10,2,0
Tracy Carroll,2,9,2,0
Lina Lara,2,7,2,0
Sara Carrillo,2,18,2,0
Amanda Carrillo,2,7,2,0
Leslie Lee,2,12,2,0
Dr. Fatimaah Carmichael,2,20,2,0
Barbara Linko,2,3,2,0
Debra Llera,2,5,2,0
Jennifer  Calahan,2,3,2,0
Laura Lien-Mitobe,2,25,2,0
Mareayna Caine,2,3,2,0
Cynthia Caia,2,6,2,0
Dr. Sharee Light,2,3,2,0
Debbi Little,2,28,2,0
Rebekah Cahill,2,16,2,0
Diana Lively,2,11,2,0
David Linares,2,12,2,0
Sean Butler,2,3,2,0
Lesley C.,2,4,2,0
James Caldwell,2,18,2,0
Cindy Llora,2,12,2,0
Brad Byrum,2,4,2,0
Charelle Lloyd,2,8,2,0
Kristen Lindley,2,3,2,0
Sharon Byrnes,2,25,2,0
Nick Butcher,2,24,2,0
Larcetta Linear,2,25,2,0
Laura Byrnes,2,5,2,0
Jessica Link,2,3,2,0
Natasha Lockhart,2,5,2,0
Crystal Liedtke,2,3,2,0
Toni  Caldwell,2,6,2,0
Lois Lee,2,4,2,0
Dr. Joy Canfield,2,24,2,0
Mary LeRouge,2,3,2,0
Jessica Lee,2,6,2,0
Jamila Carmichael,2,19,2,0
Justine Carlucci,2,5,2,0
Tameka Leggs,2,17,2,0
Dr. Ngawang Legshe,2,13,1,1
Jill Lehmann-Bauer,2,,2,0
Michelle Lester,2,6,2,0
Heather Carlson,2,8,2,0
Rachel Carlos,2,5,2,0
Denise Candidi,2,18,2,0
Karla Lewis,2,9,2,0
Wendi Cancilla,2,20,2,0
Dr. Robert Carey,2,30,2,0
Dr. Joseph Campbell,2,15,2,0
Kathleen Camp,2,3,2,0
Donna Camerota,2,15,2,0
Felicia Cameron,2,16,2,0
Lisa Levy,2,3,2,0
Shawnean Callihan,2,24,2,0
Michelle Hepworth,2,12,2,0
Karensa Lewis,2,30,2,0
Roseanne Jackson,2,11,2,0
Molly Ivy,2,15,2,0
Dr. JaQuinda Jackson,2,3,2,0
Tekeisha Goggins,2,13,2,0
Olivia  Easley,2,3,2,0
Cindy Eades,2,17,2,0
Shelly Gloyna,2,7,2,0
Keilyn Goatley,2,3,2,0
Donald Gidney,2,9,2,0
Samantha  Godoy,2,5,2,0
Kristi Godwin,2,17,2,0
Michelle  Godwin,2,3,2,0
Tia Gitgood,2,10,2,0
Dr. April Givens,2,7,2,0
Donna  Givens,2,19,2,0
Lakiah Edwin-Bankston,2,4,2,0
Tiffany Gigon,2,8,2,0
Coleen Golab,2,20,2,0
Jennifer Glace,2,6,2,0
Dr. Samantha Dutra,2,12,1,1
Kayla Gladieux,2,5,2,0
Ace Glaspy,2,5,2,0
Matthew Dugan,2,21,2,0
Yolanda Dunn,2,6,2,0
Clarissa Dunn,2,3,2,0
Sharon Glassburn,2,5,2,0
Nick Glikos,2,7,2,0
Heather Eby,2,12,2,0
Ann Gleason,2,10,2,0
Melanie Gerber,2,10,2,0
Katelyn Elliott,2,9,2,0
Yvonne Edwards,2,11,2,0
Angelique Ellingboe,2,31,2,0
DonnaMarie  Elcock,2,10,2,0
Megan  Garvey,2,10,2,0
Christine Genovese,2,6,2,0
Stephanie  El,2,17,2,0
Megan Geherin,2,10,2,0
Barbara George,2,5,2,0
Dr. James Geidner,2,20,2,0
Kayla Gerdes,2,3,2,0
Cheryl Egan Fears,2,7,2,0
Megan Gervais,2,15,2,0
Terese Ghilarducci,2,20,2,0
Jenna Giagnacova,2,13,2,0
Andrea Eiblum,2,15,2,0
Emily Giangrande,2,6,2,0
Ahylzabeth Giannantonio,2,20,2,0
Sarah Giannini,2,10,2,0
Sarah Ehlich,2,8,2,0
Marne Eggleston,2,5,2,0
Samantha Gibson,2,9,2,0
Bena Glasscock,2,24,2,0
Kevin Duncanson,2,8,2,0
Jocelyn Elliott,2,16,2,0
Erica Greene,2,4,2,0
Cody Granda,2,8,2,0
Gale Green,2,16,2,0
Jackie Granda,2,5,2,0
Bradley  Dorrill,2,9,2,0
Anna Grejtakova,2,6,2,0
Natalie Green,2,11,2,0
Nicole Green Singer,2,8,2,0
Sydney Grant,2,3,2,0
Dr. Marisa Keller,2,8,2,0
Shannon Doane,2,9,2,0
Sotderia Griffin,2,4,2,0
Anne  Green,2,3,2,0
Beth Griffith,2,25,2,0
Glynn Griggs,2,12,2,0
Amanda Griggs,2,6,2,0
Dr. Sue Dilsworth,2,25,1,1
Margarita Donies,2,10,1,1
Sabrina Donalies,2,3,2,0
Robert Donaldson,2,17,2,0
Matthew Digirolamo,2,3,2,0
Rebecca Grissom,2,4,2,0
Angela Gray,2,9,2,0
Rachel Dorris,2,13,2,0
Kelyn Green,2,4,2,0
Julie Gleim,2,3,2,0
Daisy Goodwin,2,15,2,0
Adrianne Williams,2,20,2,0
Jessica Goodman,2,3,2,0
Cindy Goulding,2,31,2,0
Andrea Gourdine,2,3,2,0
Dr. Devon  Govoni,2,12,2,0
Jocelyn Drukker,2,15,1,1
Jacob Dreiling,2,19,2,0
Heidi Graber,2,8,1,1
Jenelle Drake,2,6,2,0
Kristine Drake,2,10,2,0
Cheri Goodwin,2,20,2,0
Stacy Gooden,2,15,2,0
"James ""Matt"" Doyle",2,26,2,0
Brianna Doyle,2,3,2,0
Dr. Jana Downum,2,20,2,0
Kathleen Gormley,2,6,2,0
Liliana Huichapan,2,3,2,0
Dr. Kristin Good,2,24,2,0
Jillian Graham,2,17,2,0
Lenzy (O'dell) Graham,2,3,2,0
Lisa Gooden,2,15,2,0
Dr. Shara Goudreau,2,10,2,0
Laura Edwards,2,5,2,0
Jameron Gatson,2,3,2,0
Valerie Jackson,2,11,2,0
Erin Fagbuyi,2,12,2,0
Melissa Fontenot,2,3,2,0
Kelley Ferguson,2,3,2,0
Edward Falsey,2,25,2,0
Nicole Farshchian,2,3,2,0
Douglas Foresta,2,15,2,0
Katrina Forman,2,3,2,0
Deborah Fenton-Nichols,2,17,2,0
Mary Forrest-Wright,2,24,2,0
Logan Farrelly,2,7,2,0
Tara Farrell,2,7,2,0
Sharmekia Fortson-Hollis,2,7,2,0
Jeanne  Folks,2,30,2,0
Vicki Farley,2,20,2,0
Paul Farley,2,4,2,0
Jonathan Frankel,2,10,2,0
Christine Freberg,2,10,2,0
Cindi Frechette,2,3,2,0
Dr. Paul Foster,2,5,2,0
Margaret Freedman,2,7,2,0
Tatiana Ewing,2,4,2,0
Tammy Foster,2,16,2,0
Tammy Ewert,2,10,2,0
Emily Fannan,2,6,2,0
Crystal Folk,2,10,2,0
Jennifer Everts Beier,2,10,2,0
Brent Ferris,2,11,2,0
Erika Figgers,2,15,2,0
Rebecca Fitzgerald,2,24,2,0
Cherie Felzer,2,11,2,0
Jordan Feldmann,2,3,2,0
Christi Fields,2,5,2,0
Steph Fleck,2,6,2,0
Kimberly Fleischer,2,6,2,0
Vera Fleischer,2,7,2,0
Catrina  Flores,2,14,2,0
Stiphenee Flores Soto,2,3,2,0
Kaydianne Fletcher,2,5,2,0
Donna Folcarelli,2,6,2,0
Precious Feely,2,3,2,0
Laura Fletcher,2,15,2,0
Dr. Dawn Ferrara,2,25,2,0
Michelle Flood,2,10,2,0
Tania Fernandez,2,18,2,0
Meghan Fernandes,2,11,2,0
Jennifer Floyd,2,6,2,0
Martin Flores,2,9,2,0
Leslie Faulkner,2,5,2,0
Dr. Phillip Fokas,2,21,2,0
Dionne Frankum,2,3,2,0
Alexis  Fraser,2,12,2,0
Anella Garness,2,6,2,0
Traci Emmick,2,5,2,0
Kashana Gaines,2,10,2,0
Joyce Galanti,2,15,2,0
Tameka Gant,2,20,2,0
Jannie Engel,2,3,2,0
Christy Garcia,2,14,2,0
Jennifer  Espino,2,5,2,0
James Gallagher,2,50,2,0
Sarah Gallagher,2,3,2,0
Laurie Gallagher,2,26,2,0
"Guadalupe ""Lupe"" Garcia",2,6,2,0
Edna Emerson,2,14,2,0
Rebecca Gamaitoni,2,7,2,0
Heather Emerich,2,10,2,0
Crystal Gardiner,2,5,2,0
Kellie Gardner,2,6,2,0
Denetra Gary,2,8,2,0
April Emeigh,2,4,2,0
Jennifer Elpers,2,30,2,0
Sarah Elmore,2,16,2,0
Kathryn Gaspich,2,7,2,0
Brittany  Ellison,2,5,2,0
William Gates,2,20,2,0
Monica Englander,2,20,2,0
Toni Estergall,2,10,2,0
John Frasik,2,34,2,0
Jared Fuson,2,9,2,0
Paula Freeman,2,3,2,0
Brian  Freeman,2,3,2,0
Susan Eschrich,2,16,2,0
Brenda Frelix,2,15,2,0
Quiana Sydnor,2,3,2,0
Aurelia Erivynn,2,5,2,0
Erin Frey,2,8,2,0
Me'Chele  Frierson,2,11,2,0
Lauren Evelsizer,2,9,2,0
Jill Furumoto,2,3,2,0
Rev. Marilyn Evans,2,10,2,0
Jennifer Gagnon,2,10,2,0
Sheila Evans,2,15,2,0
Barbara Gaddy,2,20,2,0
Kiana Gadson,2,7,2,0
Dr. Tommy Frye,2,25,2,0
Angela Frye,2,3,2,0
Ben Galloso,2,11,2,0
Brian Fujii,2,30,2,0
Elena Engle,2,12,2,0
Jody Fulbright,2,31,2,0
Michael Galvin,2,6,2,0
Jeronica  Digby,2,12,2,0
Cindi Gray,2,5,1,1
Allison Domingo,2,9,2,0
Dr. Howard Crumpton,2,9,2,0
Michelle Hoffman Ten Eyck,2,21,2,0
Amy Hoffmann,2,5,2,0
Alisyn  Cundiff,2,3,2,0
Jennifer Cushinberry,2,16,2,0
Franni Cumberledge,2,22,2,0
Lisa Cuevas,2,12,2,0
Cindy Crye,2,25,2,0
Beth Curry,2,10,2,0
Dr. Kenika Holloway,2,3,2,0
Jamie Hood,2,3,2,0
Lindsey Hoodjer,2,10,2,0
Crystal Hoffman,2,8,2,0
Dr. Gloria Cruice,2,40,2,0
Shelia Holmes,2,4,2,0
Lacey Holmes,2,3,2,0
Dr. Courtney Holmes,2,3,2,0
Genevieve Crossley,2,9,2,0
Patrice  Cross,2,5,2,0
Jamie Horner,2,10,2,0
Arlene Holt,2,3,2,0
Kevin Crosby,2,8,2,0
Almita Hornsby Hogue,2,3,2,0
Angela Holiday,2,15,2,0
Laura Dalton,2,10,2,0
Shan Croft,2,7,2,0
Emily Heydinger,2,3,2,0
VaShette Davis,2,6,2,0
Amanda Davis-Scott,2,9,2,0
Joye  Hilton,2,10,2,0
Matthew Hines,2,3,2,0
Erin Hipple,2,5,2,0
Aimee Herzog,2,7,2,0
Christopher Davis,2,19,2,0
Beth Herman,2,10,2,0
Stacy Herman,2,3,2,0
William Darrisaw,2,3,2,0
Regina Hernandez,2,8,2,0
Amy Hoehner,2,27,2,0
Stephani Darr,2,3,2,0
James Dailey,2,6,2,0
Elizabeth Hernandez,2,6,2,0
Tanya Dantus,2,7,1,1
Eric Danielson,2,9,2,0
Sara  Da Silva,2,3,2,0
Keirre Da Luz,2,20,2,0
Sally Herschman,2,12,2,0
Karen Hobbs,2,25,2,0
Tristin Hodges,2,3,2,0
Dr. Lori Holth,2,10,2,0
Lee Hotze,2,6,2,0
Audra Dion,2,13,2,0
Maite Imaz,2,15,2,0
Leah Hughes-Liebert,2,3,2,0
Takelia Hughey,2,4,2,0
Jesse Craighead,2,4,2,0
"Chasity ""Chaz"" Williams",2,7,2,0
Tara Hulsey,2,42,2,0
Dr. Natalie Humphrey,2,3,2,0
Adam Hutton,2,10,1,1
Kaneesha Craig,2,15,2,0
Carla Craig,2,30,2,0
Anna Cragin,2,12,2,0
Karen Infield,2,28,2,0
Kristine Hughes,2,16,2,0
Elizabeth Crabtree,2,13,2,0
Tiffany Irving,2,3,2,0
Katherine  Jackson,2,8,2,0
Reagen Jackson,2,13,2,0
Nicole Costell,2,5,2,0
Olivia Ishak,2,7,2,0
Leticia Isidro-Clancy,2,35,2,0
Terronda Jackson,2,5,2,0
Arnise Jackson,2,3,2,0
Lory Cosner,2,14,2,0
Samantha Hughes,2,5,2,0
Ronald Hughes,2,40,2,0
Andrea Houdek,2,5,2,0
Kerri Hubacker,2,5,2,0
Nathaniel House,2,3,2,0
Eileen Houtzer,2,17,2,0
Joseph Howard,2,20,2,0
Monika Howard,2,23,2,0
Samuel Howden,2,9,2,0
Vickie Covington,2,11,2,0
Dr. Ashley Howell,2,10,2,0
Diavet Hoye,2,19,2,0
Judy Huang,2,4,2,0
Cherri Crisp,2,20,2,0
Katie Crisp,2,9,2,0
Amy Couchman,2,3,2,0
Angela Hublick,2,9,2,0
Andrew Cravey,2,5,2,0
Dr. Lusa  Hung,2,12,2,0
Amy Hunnicutt,2,3,2,0
Matthew Creen,2,8,2,0
Tracy Hunt,2,8,2,0
Emily Hunt,2,5,2,0
Dayna Hunt,2,24,2,0
Melissa Hurlburt,2,3,2,0
LaToya Crane,2,5,2,0
Brittany Davrichachvili-Simo,2,6,2,0
Tameka Davis,2,15,2,0
Samantha Hill,2,3,2,0
Kendall  Hall,2,6,2,0
Rebecca Haney,2,5,2,0
Eileen DeNicolo,2,13,2,0
Alicia Denefe,2,20,2,0
Charissa Hall,2,3,2,0
Thomas Hall,2,19,2,0
Christine Hannam,2,3,2,0
Shannon Hannigan Jackson,2,12,2,0
Kristy Hamilton,2,10,2,0
Alexis Hansen,2,10,2,0
Shawntia Hall,2,9,2,0
Kolton Hall,2,3,2,0
Dr. Trina Hamas,2,13,2,0
Abeela Haq,2,15,2,0
Shannon Hardaway,2,3,2,0
Catherine Hallam,2,3,2,0
Kendra DeLoof,2,7,2,0
Courtney Hampton,2,3,2,0
Andrea Harewood,2,36,2,0
Melissa Halsell,2,3,2,0
Mia Hargrove,2,7,2,0
Brooklyn Hancock,2,4,2,0
Emily Hand,2,4,1,1
Dr. Penny Lane Hamblin,2,7,2,0
Kimberly Haka,2,9,2,0
Sarah Davis,2,8,2,0
Judy Hadley,2,11,2,0
Jessika Gray-Ross,2,3,2,0
Regina Green,2,8,2,0
Susan Dolph,2,28,2,0
Noam Dinovitz,2,3,2,0
Angela Gunn,2,,2,0
Lisa Dicus,2,15,2,0
Mark Gruber,2,20,1,1
Anne Marie Dine,2,12,2,0
Dr. Yuh-Jen Guo,2,18,2,0
Juliana Guadamuz,2,3,2,0
Erin Haentjens,2,8,2,0
Erika  Haines,2,10,2,0
Abigale Gudelsky,2,5,2,0
Monica Gutierrez,2,15,2,0
Damian Gutierrez,2,15,2,0
Dr. Bibiana Gutierrez,2,30,2,0
"Courtney ""Leigh"" Dickinson",2,7,2,0
Nicole Haggerty,2,5,2,0
Christine Gwin,2,10,2,0
Megan Haag-Fisk,2,13,2,0
Amy Haake,2,5,2,0
Shamshad Haider,2,3,2,0
Kerry DelMastro,2,13,2,0
Dr. Kasimu-Richard Harley,2,27,2,0
Lauren Harmon,2,7,2,0
Catherine Henderson,2,8,2,0
Natonia Davis,2,17,2,0
Justin  Davis,2,5,2,0
Dr. Erica Healey,2,10,2,0
Debi Davis,2,25,2,0
Joanne Deal,2,9,2,0
Lindsey Hendershot,2,10,2,0
Megan Henderson,2,3,2,0
Renita Davis,2,22,2,0
Tasheba Davis,2,6,2,0
Jeannan Haygood,2,5,2,0
Lindsey Schwenk,2,7,2,0
Christina DePaola,2,11,2,0
Dr. Linda Henderson-Smith,2,19,2,0
Amy  De Jesus,2,4,2,0
Adeyola Hendrickson,2,20,2,0
Paulette Dawson,2,4,2,0
Dr. Lekesha Davis,2,10,2,0
Dr. Kristel Headley,2,15,2,0
Camille Helland,2,3,2,0
Pauline Henry,2,3,2,0
Shawna Henry-Lange,2,12,2,0
Shawn Hensen,2,8,2,0
Detrall Dearbone-Collins,2,30,2,0
Gwen Hayes,2,4,2,0
Dr. Jennifer Deaton,2,6,2,0
Christina Haxton,2,20,2,0
Dr. Renae DellaCroce,2,38,2,0
Cynthia DeLap,2,20,2,0
Susan Nelson,2,10,2,0
Jericah Harris,2,4,2,0
Kristian Delaney,2,3,2,0
Lindsay Harris,2,3,2,0
Joy Harris,2,10,2,0
Kelly Harvey,2,25,2,0
Dr. Carlos Del Rio,2,3,2,0
Hester Dejong,2,3,2,0
Neal HARRIS,2,36,2,0
Andrea Degner,2,3,2,0
RaDonna Hasselbring,2,22,2,0
Tori Hastings,2,3,2,0
Peggy DeCarlis,2,22,2,0
Dr. Adrienne Harrison Berry,2,25,2,0
Melinda Hathaway,2,17,2,0
Nancy Debre,2,6,2,0
Jasmine Davis,2,4,2,0
Kimberly Hawkins,2,3,1,1
Michelle DeBellis,2,17,2,0
Abby Brentner,2,6,2,0
Danielle Filmore,2,10,2,0
Cora Martorelli,2,3,2,0
Courtney Peterson,2,5,2,0
Dr. Deborah Peterson,2,13,2,0
Megan Belville,2,3,2,0
Patricia Berezo,2,39,2,0
Nicole Berezny,2,7,2,0
Martha Anderson,2,26,2,0
Dr. Mary Moran,2,20,2,0
Amy Moran,2,17,2,0
Rebecca Moravec,2,9,2,0
Dr. Emily Perrine,2,,2,0
Kimberly Bellar,2,20,2,0
Cynthia Moreno,2,13,2,0
Carolyn Morgan,2,10,2,0
Denise Morgan,2,4,2,0
Jerolynn Bell-Scaggs,2,16,2,0
Katherine Andrade,2,24,2,0
Dr. Damekia Morgan,2,4,2,0
Laura Pelton-Sweet,2,14,2,0
Kristie Berger,2,3,2,0
Nataly Perez,2,5,2,0
Sasha Petrovick,2,5,2,0
Rebekah  Bernard,2,7,2,0
Keonsha Bernard,2,3,2,0
Dr. Jared Bernard,2,8,2,0
Emily Moore,2,20,2,0
Lisa Bennett,2,3,2,0
Tanyika Moore,2,7,2,0
Torrenzo Moore,2,7,2,0
Rita Berglund,2,17,2,0
Kaitlyn Moore,2,10,2,0
Karen Moore,2,8,2,0
Neil Petrosky,2,10,2,0
Carla Petree,2,6,2,0
Lavonya Moore,2,3,2,0
Arlene Pitchford,2,16,2,0
Christine Pistone,2,30,1,1
Samantha Pirnat,2,4,2,0
Joyce Morgan,2,20,2,0
Primrose Humphries,2,12,2,0
Erica Montgomery,2,10,2,0
Sikhumbuzo 'Kim' Moyo,2,5,2,0
Laura Pearson,2,7,2,0
Jessica Pearson,2,3,2,0
Donna Baynes,2,10,2,0
Ashley Moss,2,8,2,0
Brittany Bayliss,2,3,2,0
Jaydee Moultrie,2,3,2,0
Brittany Beaudette,2,7,2,0
Venice Angel,2,10,2,0
Jerry Moses,2,20,2,0
Michelle Payne,2,11,2,0
Hallie Msongamwanja,2,9,2,0
Dawn Pesso,2,20,2,0
Sarah Mudd,2,10,1,1
Dr. Kerry Mullen,2,15,2,0
Dr. Kat Peoples,2,17,2,0
Jennifer Muller,2,15,2,0
Sarah Peters,2,6,2,0
Mary Bazylewicz,2,10,2,0
Dr. Andrea Araujo Talledo,2,3,2,0
Jessica Pechan,2,10,2,0
Sandra Belizaire,2,7,2,0
Willie Morhead,2,20,2,0
Samantha Petersen,2,9,2,0
Jasmyn Graham,2,5,2,0
Jodi Morley,2,3,2,0
Dr. Danielle  Archer,2,11,2,0
Ann Arcuri,2,14,2,0
Erin Morris,2,3,2,0
Katherine Beach,2,11,2,0
Laura Andrews,2,9,2,0
Cory Bee,2,23,2,0
Jillian Bednarz,2,4,2,0
Susan Morton,2,12,2,0
Angela Beckman,2,14,2,0
Sydney Morton,2,9,2,0
Frances Morrow,2,20,2,0
Stacy Bernard,2,34,2,0
Melody Bennett,2,18,2,0
Robin Allen,2,3,2,0
Virgil Miller Sr,2,20,2,0
Jennifer Piponniau,2,6,2,0
Darlene Amin,2,10,2,0
Rachel  Amirian,2,5,2,0
Dina Miller,2,20,2,0
Kristin  Miller,2,5,2,0
Sarina Pinnock,2,3,2,0
E. Cordelia Miller Muhammad,2,32,2,0
Janel Miller-Evans,2,30,2,0
Tiffany Blake,2,7,2,0
Elizabeth Miller-Kershman,2,15,2,0
Meredith Pinkham,2,12,2,0
Rebecca Phelps-Smith,2,15,2,0
Dr. Amy Bingham,2,3,2,0
Margaret Werner,2,10,2,0
Jamie Pledger,2,4,2,0
George Payapilly,2,6,2,0
Leslie  Birdwhistell,2,8,2,0
Stefanie Pollay,2,10,2,0
Kathy Pham,2,3,2,0
Elisha Michelena,2,16,2,0
Nicole Amabile,2,12,2,0
Leatrice Allen,2,23,2,0
Rebecca Preston,2,8,2,0
Heather Michael,2,3,2,0
Nora Bishop,2,20,2,0
Nan Miller,2,35,2,0
Amy Preston,2,10,2,0
Janelle  Potts,2,10,2,0
Mary Pollock,2,42,2,0
Erin Miller,2,10,2,0
CATHERINE BLANCH,2,3,2,0
Abby Blakely,2,8,2,0
Quilette  Middlebrooks,2,8,2,0
Lauren Allender,2,3,2,0
Kate Pompei,2,8,2,0
Kellie Miller,2,14,2,0
Alexia Pilleris,2,7,2,0
Brittany  Bing,2,5,2,0
Lanny (Harold) Monson,2,21,2,0
Tara Mitchell,2,20,2,0
Shereema Molette,2,8,2,0
Kelsey Place,2,5,2,0
Angela Molina,2,8,2,0
Alice Bentley,2,19,2,0
Valerie Anderson,2,36,2,0
Isabel Ribe,2,3,2,0
Jamie Montag,2,8,2,0
Kate Anderson,2,15,2,0
Dixie Placek,2,30,2,0
Leah Petrucci,2,20,2,0
Kristina Bernat,2,3,2,0
Katelyn Monaghan,2,3,2,0
Kimberly Benning,2,5,2,0
Nancy Bennett,2,7,2,0
Dominica Montano,2,9,2,0
Marla Monk,2,3,2,0
Amanda Mole,2,3,2,0
Emily Berson,2,6,2,0
Summer Milton,2,5,2,0
Rachel Mock,2,11,2,0
Michael Plattenburg,2,6,2,0
LaTasha Billingslea,2,8,2,0
Winnifred Pierre,2,8,2,0
Julie Mitton,2,10,2,0
Korbi Biggins,2,7,2,0
Alexandra Bieler,2,10,2,0
Stella Mizrakhi,2,3,2,0
Lynne  Pierce- French,2,30,2,0
April-Marie Anderson,2,6,2,0
Almira Bezinque,2,3,2,0
Lyndsy Mirasola,2,7,1,1
Carolyn Beyer,2,20,2,0
Jennifer  Alminana,2,6,2,0
Michael Misterka,2,15,2,0
Renee Shacochis,2,10,2,0
Lorrie Beshlian,2,10,2,0
Traci Penrod-McCormick,2,16,2,0
Tammy  Person,2,14,2,0
Shelina Persad,2,5,2,0
Krista Asp,2,3,2,0
Rachel Parker,2,6,1,1
Erica  Ashley,2,16,2,0
Jarrod Balmer,2,6,2,0
Deandra  Hennemann,2,9,2,0
Priscilla Ballsun,2,30,2,0
Diane Paseos,2,21,2,0
Dr. Roberta Ballard,2,21,2,0
Christa Baldwin,2,10,2,0
Jenny Parker,2,20,2,0
Cynthia O'Donnell,2,28,2,0
Laura Pascal,2,10,2,0
Shanta' Atkinson,2,5,2,0
Becca Bakker,2,5,2,0
Travis Atkinson,2,7,2,0
Dr. Melissa Baker Jones,2,12,2,0
Sara Atkinson,2,15,2,0
Sydney Bandemer,2,4,2,0
Lacy Bangert,2,8,2,0
Robin Aucoin,2,12,2,0
Shannon Norris,2,7,2,0
Beth Paras,2,15,2,0
Jacqueline Parker,2,20,2,0
Dallas Norman,2,11,2,0
Belinda Norman,2,10,2,0
Shelly Patchett,2,20,2,0
Max Arzola,2,3,2,0
Amanda Pantaleon,2,10,2,0
Dr. Nina Barlevy,2,15,2,0
Shannon  Nunez,2,11,2,0
Antony Ashby,2,3,2,0
Jon Noto,2,8,2,0
Amelia Banks,2,5,2,0
Brian Nowak,2,30,2,0
Tamara Banks,2,20,2,0
Vanessa Banks,2,8,2,0
LORETTA BANGS,2,30,2,0
Bonny O'Neill,2,3,2,0
Kristen Paine,2,4,2,0
Rebekkah Pennington,2,28,2,0
Louise Osborn,2,7,2,0
Deborah (Deb) McNeill,2,11,2,0
Mark Awdykowyz,2,29,2,0
Sara Osborne,2,6,2,0
Randy Baird,2,10,2,0
Kelly Axthelm,2,7,2,0
Donny  Baca,2,8,2,0
Dr. Doris Ayala,2,3,2,0
Yvonne Oree,2,15,2,0
Kevin Bagwell,2,20,2,0
Dr. Daniel Osborn,2,15,2,0
Melissa ONeill,2,5,2,0
Tracey Ayers,2,26,2,0
Dominic Ong,2,8,2,0
Ashley Bailey,2,6,2,0
Thomas Osborn,2,12,1,1
Dr. Ohiro Oni-Eseleh,2,28,2,0
Yolanda Orta Swope,2,11,2,0
Suzanna Bagley,2,8,2,0
Maria Ochoa,2,9,2,0
Paul Baker,2,20,2,0
Lori Odendahl-Klemish,2,17,2,0
Paulishia Augillard,2,9,2,0
Raenelle Bacchus,2,6,2,0
Michelle Pack,2,5,2,0
Talia Auslin,2,6,2,0
Dan Austin,2,25,2,0
Diane Owen,2,20,2,0
Brianne Overton,2,8,2,0
Jenny Ortega,2,3,2,0
Annalisa Baez,2,10,2,0
Kristine Baker,2,5,2,0
Kim Oglesby,2,6,2,0
Nicole Ohm,2,7,2,0
Dr. Brieann Olafsson,2,5,2,0
Dr. Yehoshua Othniel,2,13,2,0
Hilary Oleon,2,9,2,0
Madilynn  Nolen,2,15,2,0
Catherine Barbour,2,4,2,0
Stephen Barnard,2,15,2,0
Nancy  Pena,2,7,2,0
Dana  Nagelkirk,2,4,2,0
Leonie Nahamia,2,3,2,0
Ashley Murtagh,2,7,2,0
William Bates,2,9,2,0
Monique Paulus,2,11,2,0
Kara Anglin,2,7,2,0
Ashley Bateman,2,11,2,0
Ivan Navarro,2,5,2,0
Dr. Chastity Murray,2,12,2,0
Danielle Armstrong,2,3,2,0
Amy Neal,2,6,2,0
Alia Paula,2,18,2,0
Amanda Parsons,2,6,2,0
Rose Basilio,2,5,2,0
Amanda  Neibaur,2,10,2,0
Julia Neilan-Keaton,2,15,2,0
Noraliz Nagarsheth,2,8,2,0
Brittany Armstrong,2,10,2,0
Ivan Barclay,2,7,2,0
Kathryn Perry,2,8,2,0
Bianca Munce,2,8,2,0
Frayda  Penini,2,44,2,0
Catherine Beasley,2,4,2,0
Holly Mundon,2,10,2,0
Adreeonah  Mundy,2,3,2,0
Jessica Munoz,2,6,2,0
Norma Beardwood,2,23,2,0
Sandra Perry,2,18,2,0
Dr. Trina Armstrong,2,15,2,0
Ronald Perry,2,20,2,0
Carly Murillo,2,10,2,0
Jen Myler,2,5,2,0
Ralph Murphy,2,30,2,0
ERIKA PENA NUNO,2,11,2,0
Heather  Parenti,2,3,2,0
Kathryn Baucom,2,29,2,0
Howard (Andy) Patterson,2,10,2,0
Farzaneh Bascom,2,5,2,0
Tracie Barton-Barrett,2,15,2,0
Tiffany Pargo,2,12,2,0
Nicole Patrick,2,3,2,0
Jennifer Barker,2,6,2,0
An Nguyen,2,9,2,0
Dr. Nancy Nguyen,2,15,2,0
Carri Barish,2,3,2,0
Theresa Niederkruger,2,28,2,0
Anne Barger,2,10,2,0
Elaine Antin,2,25,1,1
Dr. Daniel Parker,2,10,2,0
Dennis Aounallah,2,3,2,0
Marisa Nieves,2,5,2,0
Kristyn Nishimoto,2,6,2,0
Anita Pardo,2,28,2,0
Dr. Michelle Nixon,2,10,2,0
Tamara Nixon,2,10,2,0
Deepa Patel,2,3,2,0
Makenzie Parks,2,5,2,0
Susan Newman,2,25,2,0
Jill Pariera,2,8,2,0
Michael Barnette,2,15,2,0
Zalman Nelson,2,11,2,0
Anthony Arneson,2,10,2,0
Lilly  Nelson  Maxwell,2,10,2,0
Heather Nemeth,2,3,2,0
Haig Barsegian,2,15,2,0
Felicia Barringer,2,7,2,0
Amanda Arnold,2,3,2,0
Lynn Barrette,2,8,2,0
Deirdre Barr,2,6,2,0
Beverly Nicholas,2,3,2,0
Tiffany Newkirk,2,10,2,0
Ethan Nicholas,2,7,2,0
Kate Nichols,2,19,2,0
Laura Barnette,2,8,2,0
Kimberly Nichols,2,6,2,0
Kimberly Pretty,2,20,1,1
Eduardo Molina,2,7,2,0
Carrianne Preziosi,2,14,1,1
Sandra McAndrew,2,14,2,0
Dr. Kathleen McKinney,2,15,2,0
SARITA BOYETTE,2,5,2,0
MeiLin Boykin,2,15,2,0
Shorena  Alexander,2,10,2,0
Kim McKinney,2,3,2,0
Christina Pruden,2,3,2,0
Kimberly Alexander,2,7,2,0
Jorge Briceno,2,8,2,0
Ophelia Mayfield,2,10,2,0
Carol Mayfield,2,36,2,0
Francis Prunier,2,46,2,0
Amanda Ranalli,2,20,2,0
Flora Aguilar,2,8,2,0
Rod Boyer,2,25,2,0
Martha McKenzie,2,20,2,0
Dr. Kenneth Mckellar,2,22,2,0
Violet Alcantar,2,9,2,0
Katrina McAninch,2,3,2,0
Kathryn Boyne,2,6,2,0
Colleen Prendergast,2,10,2,0
Jodi McKee,2,20,2,0
Michael Booth,2,20,2,0
Danielle Albares,2,6,2,0
Keith Richter,2,15,2,0
Kerry Branum,2,9,2,0
Luis Puertas,2,3,2,0
Jennifer Adair,2,5,2,0
Yesenia Acosta,2,7,2,0
Dr. Tristan McBain,2,6,2,0
Kimberly  Powers,2,12,2,0
Tri'na Blackshear-Calloway,2,11,2,0
Megan Prior,2,6,2,0
Ken Powers,2,15,2,0
Shawn  Boley,2,5,2,0
Nicole McNeil,2,10,2,0
Gabrielle Powers,2,16,2,0
Denise  Blackwell,2,4,2,0
William Alkhoury,2,7,2,0
Tasnim  Rashid,2,12,2,0
Sarah Beth  Bolin,2,7,2,0
Lauri Abernathy,2,7,2,0
Shaakira McMillon,2,7,2,0
Natalie May,2,4,2,0
Ashley Prakash,2,4,2,0
Rian Rahm,2,5,2,0
Jamal Raheem,2,6,2,0
Shakiema Raphael,2,5,2,0
Alecia Rager,2,6,2,0
Andrea Bolton,2,9,2,0
Jennifer Alfano,2,5,2,0
Marley Alexis,2,6,2,0
Cherise McLendon,2,4,2,0
Jeanne Matucheski,2,12,2,0
Alyse  Bone,2,6,2,0
Anna Rangelova,2,12,2,0
Cara Bonsma,2,7,2,0
Dr. Jim McGuirk,2,36,2,0
Joshua Boyce,2,4,2,0
Dr. Michael Maxwell,2,21,2,0
April McElhenny,2,3,2,0
David Adams,2,5,2,0
Missy Brame,2,2,2,0
Charmayne Bowens,2,6,2,0
Hui Qiao,2,8,2,0
Hannah McFadden,2,3,2,0
Robert McElwee,2,24,2,0
I  Abrams,2,20,2,0
Destinee Abrego,2,18,2,0
Suzanne McCracken,2,10,2,0
Melanie Quillen,2,8,2,0
Ellen Adams,2,20,2,0
Danielle McCoy,2,5,2,0
Candyce Braker,2,5,2,0
James McGinn,2,7,2,0
Aida Adams,2,3,2,0
Melissa McClung,2,3,2,0
Karen Quigley,2,3,2,0
Cynthia McDermott,2,30,2,0
Danielle McDonaugh,2,6,2,0
Anika McDonald,2,5,2,0
Brenda McDonald,2,12,2,0
Kirstina Quast,2,9,2,0
Patricia McDonald,2,4,2,0
Danielle McDonald,2,17,2,0
Brooksi  Bottari,2,10,2,0
Jeffrey Quessenberry,2,4,2,0
Sandra McClennen,2,35,2,0
Dr. Julie Brandenburg,2,25,2,0
Daniella Borah,2,7,2,0
Constance Akonumbo,2,3,2,0
Christina McGuire,2,15,2,0
Katy McGuire,2,15,2,0
Tai Boxley,2,3,2,0
Robert McBride,2,6,2,0
Iriny Boules,2,7,2,0
Meghan McGowan,2,3,2,0
Shirley Puett,2,30,2,0
Oyeyemi Alabi,2,3,2,0
Summer McGowan,2,9,2,0
Rebecca Bowman,2,20,2,0
Dr. Christine Rackley,2,27,2,0
Julie Puggini,2,18,2,0
Michael (Mike) Racki,2,14,2,0
Akwete Purifoy,2,7,2,0
Wenday  McCalep-Edwards,2,13,2,0
Danielle Bousselaire,2,3,2,0
David Bradshaw,2,3,2,0
Denise McCarson,2,27,2,0
Riley McCay,2,5,2,0
Aldric Browne,2,5,2,0
Dionne Bowie,2,8,2,0
Kim  Puleo,2,10,2,0
Vanisha McGee,2,3,2,0
Florine McClain,2,3,2,0
Kyle McGee,2,3,2,0
Roxana Branigan,2,8,2,0
Michael Powell,2,19,2,0
Constance Bravos,2,3,2,0
Morgan Rakay,2,8,2,0
Holly Powell,2,15,2,0
Andrea Mata,2,5,2,0
Ebony Allen,2,7,2,0
Isis Reddick-Umoja,2,21,2,0
Dr. Jameson Mercier,2,17,2,0
Natasha Mata,2,5,2,0
Saundra Mercer,2,7,2,0
Kelsey Redd,2,5,2,0
Kevin Matawa,2,8,2,0
Carly Boeselt,2,4,2,0
Taren Allen,2,3,2,0
Alexa Adkins,2,3,2,0
Maria Mechure,2,5,2,0
Andrew Blizard,2,6,2,0
Shelli Mens,2,8,2,0
Angela Mendiola,2,6,2,0
Lawrence Matheny,2,34,2,0
Ash Rearick,2,3,2,0
Amanda Reagan,2,5,2,0
Rossana Mendez  Cole,2,3,2,0
James King,2,15,2,0
Kristen Bjorn,2,10,2,0
Sherie Abel,2,19,2,0
Karen Boe,2,3,2,0
Dru Bleem,2,8,2,0
Andrew Merritt,2,20,2,0
Kathleen Boe,2,37,2,0
Dr. Dinah Meyer,2,25,2,0
Courtney Brennan,2,10,2,0
Christopher  Weber,2,3,2,0
Jill Meyer,2,25,2,0
Renee Price,2,16,2,0
Ann Bodensteiner,2,24,2,0
Nancy Bodnar,2,18,2,0
Eric Mason,2,3,2,0
Nicole Porter,2,3,2,0
Ebony Brooks,2,5,2,0
Valentina Messier,2,5,2,0
Laura Bodrog,2,15,2,0
Ann Powderly,2,10,2,0
Eliana Redlich,2,3,2,0
Kathy Mesa,2,10,2,0
Lisa Masri,2,11,2,0
Raquel Massaro,2,5,1,1
Raimel Alvarez,2,3,2,0
Amber Priestley,2,4,2,0
Erica R. Brooks,2,26,2,0
Yana Postel-Kotlyar,2,14,2,0
Frederick Potter,2,23,2,0
Melissa Alton,2,7,2,0
Janice McDermott,2,31,2,0
Karen Brooks,2,20,2,0
Carissa Alt-Frankard,2,6,2,0
Malia  Mead,2,9,2,0
Dr. Marcela Mejia,2,5,2,0
Mary Mathis,2,13,2,0
Megan Alspaugh,2,6,2,0
Eric Ratinetz,2,38,2,0
Dr. Ethan Bregman,2,12,2,0
Cecelia Maurer,2,14,2,0
Jennifer Melvin,2,23,2,0
Laurel Melbin,2,6,2,0
Faheda Rasool,2,3,2,0
Deirdra Powell,2,20,2,0
Dr. Jeri DeVale,1,43,1,0
Meredith Fiedler,1,10,1,0
Katie Fields,1,10,0,1
Lisa Davisson,1,22,1,0
Mark Muse,1,5,1,0
Pam Matos,1,9,1,0
Cheryl Desvernine,1,3,1,0
Laurie Wallace,1,3,1,0
Jasmine Webster,1,3,1,0
Sarah Fannon,1,5,1,0
Sidney Deupree,1,3,1,0
Dawn Affeldt,1,14,1,0
Lisa DeLuca,1,10,1,0
Debra Davis,1,4,1,0
Betty DelosSantos Coleman,1,28,1,0
Melissa DeRosa,1,5,1,0
Lisa Couperus,1,12,1,0
Avery Wasmanski,1,8,1,0
Karen Weaver,1,10,1,0
Kelly Fein,1,14,1,0
Chad Exceen,1,12,1,0
Madison Ahles,1,3,1,0
Tracie Ferguson,1,9,1,0
Elizabeth Webster,1,5,1,0
Dina Velazquez,1,5,1,0
Kellie Aguilera,1,15,1,0
Rosenie Ezai,1,7,1,0
Barbara Melinda Abernethy,1,3,1,0
Adriana Aycart-Ospina,1,5,1,0
Sarah King,1,5,1,0
Dr. Ashley Anne,1,9,1,0
Carleen Gates,1,3,1,0
Heather Aston,1,17,1,0
Nikki (Bruna) Coffey,1,9,1,0
Kathie Ahn,1,4,1,0
Keisha Escoffery,1,3,1,0
Patricia Devine,1,18,1,0
Zaide Davis,1,26,1,0
Dr. William Weathers,1,10,1,0
Dr. Gina DeArth-Pendley,1,22,1,0
Holly Funger,1,18,1,0
April Masciana,1,10,1,0
Sheryll Waring,1,25,1,0
Sylvie Fermanian,1,5,1,0
Erica Atkinson,1,5,1,0
Anna Gries,1,9,1,0
Sharrisse   El Amrani,1,3,1,0
Victoria Fernandez,1,10,1,0
Patricia Aniakudo,1,35,1,0
Julia St. Clair,1,13,1,0
Angela Velez,1,15,1,0
Dr. David Wolf,1,40,1,0
Jerimar Abinsay,1,3,1,0
Jaclyn DeMontreux,1,7,0,1
Dr. Natoya Davis Henderson,1,8,1,0
Dr. Angelica Dempsey,1,3,1,0
Bianca Asteris,1,9,1,0
Denise Davis-Moore,1,9,1,0
Dr. Rossitza Davis,1,21,1,0
Raeleen Davis,1,3,1,0
Dretona Maddox,1,10,1,0
Margarita Abrego,1,3,1,0
Teena Evert,1,15,1,0
McKeisha Washington,1,15,1,0
Ana Cristina Uribe,1,10,1,0
Dr. Dianne Fabii,1,20,1,0
Samantha Dehring,1,7,1,0
Juli Waters,1,11,1,0
Edward Arteaga,1,3,1,0
Jadin Van Steenvort,1,13,1,0
Clifford Ray Fagan,1,17,1,0
Jason  Adkins,1,23,1,0
Jennifer Deliganis-Bess,1,15,1,0
Marla Fair,1,14,1,0
Ana De Jesus,1,9,1,0
Monica Adame,1,6,1,0
David Delimont,1,4,1,0
Brittany Dewbrew-Hale,1,3,1,0
Aime Ferow,1,3,1,0
Kathy Abeln,1,6,1,0
Diane DellaVella,1,13,1,0
Sara Vazquez,1,8,1,0
Jennifer Adkins,1,7,1,0
Leticia  DeHoyos,1,4,1,0
Theresa Adamchik,1,14,1,0
Karen Vatthauer,1,30,1,0
Jonathan De Jesus,1,3,1,0
Barbara Ackeret-Smith,1,35,1,0
Chiara Ascari,1,6,1,0
Frank Del Fiugo,1,25,1,0
Cassandra  Asberry,1,4,1,0
Paula Ackermann,1,5,1,0
Rachel Van Dyk,1,7,1,0
Frances Ferrante-Fusilli,1,5,1,0
Yvette De Los Santos,1,5,1,0
Paige Jones,1,5,1,0
Dr. Evelyn De Villiers,1,19,1,0
Shamaria  Fahie,1,9,1,0
Krystina Farrell,1,6,1,0
Becky Bowles,1,3,1,0
Robin Austin,1,3,1,0
Danielle Van Dusen,1,9,1,0
Jayme Abbott,1,8,1,0
Cassie Fallon,1,5,1,0
Shirley Watkins,1,6,1,0
Chelsea Decker,1,3,1,0
Lasheena Davis,1,10,1,0
Christine Faccone,1,10,1,0
Kimberly Baggett,1,15,1,0
Martha Dawson,1,8,1,0
Aimee Aron-Reno,1,7,0,1
Patrick Aron,1,5,1,0
Angela DeFrancesco,1,5,1,0
Dr. Cheryl Affrunti,1,13,1,0
Danielle DeFrancesco,1,9,1,0
Mary Aubrey,1,40,1,0
Leah Abramoff,1,3,1,0
Nicole Ficano,1,3,1,0
Yanique Deane,1,3,1,0
Nicole Dawson,1,5,1,0
Daryl Bahn,1,8,1,0
Chris Deiulio,1,22,1,0
Sarah Vaughn,1,7,1,0
LaDonna Day,1,3,1,0
Charlotte Austin,1,10,1,0
Douglas DeRhodes,1,14,1,0
Doyle DeGraw,1,10,1,0
Sheryl Derby,1,20,1,0
Neil Watkins,1,4,1,0
Klifton Fehr,1,3,1,0
Sarah Veale,1,18,1,0
Christina Ashby,1,10,1,0
Torgeir Aavik,1,3,1,0
Roberto De Giorgio,1,6,1,0
Emily DeFrancia,1,4,1,0
Dona Davis,1,17,1,0
Lanae  Faciane,1,13,1,0
Thomas Austin,1,30,1,0
Alicia Webber,1,7,1,0
Dr. Shoshana  Dayanim,1,5,1,0
Samantha Waters,1,3,1,0
Nancy Arnold,1,35,1,0
Marsha Warren,1,20,1,0
Kristine DeWitt,1,5,1,0
LaBreyia Ellis,1,6,1,0
Catherine  Walker,1,7,1,0
Holly Ellison,1,11,1,0
Cristine Bolley,1,10,1,0
Viviana Vethencourt,1,10,0,1
Keina Ritenburgh,1,3,1,0
Cynthia Davidson,1,23,1,0
James Ellis,1,3,1,0
Anna Draper,1,5,1,0
Todd Drazien,1,15,1,0
Dr. Nicole Altimari,1,7,1,0
Dr. Monica Dremann,1,10,1,0
Ashley Dryer,1,3,1,0
Miranda  Dennis,1,18,1,0
Becky Morrissey,1,20,1,0
Danna Anderson,1,10,1,0
Anthony Bell,1,5,1,0
Kanesha  Walker,1,4,1,0
Diana Vines,1,10,1,0
Marianne Dublado,1,9,1,0
Angie Ellis,1,13,1,0
Stephany Elliott,1,17,1,0
Dr. Randi Dublin,1,8,1,0
Sarah Colgate,1,3,1,0
Dolores Walls,1,21,1,0
Dr. Danielle Doyle,1,3,1,0
Hope Anderson,1,6,1,0
Angela Anderson,1,3,1,0
Bobbie Shannon,1,30,1,0
Dr. Jikesha Benton-Johnson,1,17,1,0
Danielle Fizazi,1,14,1,0
Christopher Anderson,1,6,1,0
Christopher Douglas,1,5,1,0
Jillian Anderson,1,3,1,0
John Douglass,1,19,1,0
Jillian Eshpeter,1,3,1,0
Ryan  Engar,1,14,1,0
Danielle Endejan,1,10,1,0
Brian Enclade,1,10,1,0
Enrique  Villarreal,1,3,1,0
Isabelle Douyon,1,6,1,0
Teresa Walker,1,3,1,0
Meredith Alger,1,4,1,0
Josline Ali-Napo,1,3,1,0
Stacy Dove,1,14,1,0
Abigail Walker,1,3,1,0
Shatiah Dow-Reyes,1,8,1,0
Nancy Anderson,1,3,1,0
Chelsey Vest,1,6,1,0
"Jacqueline ""Jackie""  Dowgiallo",1,10,1,0
Ida (Jo) Downey,1,25,1,0
Jennifer May,1,6,1,0
Patty Dumont,1,15,1,0
Rachana Vettickal,1,19,1,0
Chameka Duncan,1,10,1,0
Taisir El-Souessi,1,10,1,0
Kimberly Amerault,1,13,1,0
Robert Dwyer,1,10,1,0
Maria  Allen,1,3,1,0
Dr. Jolynn Wagner,1,3,1,0
Samantha Eisenhart-Petkovski,1,17,1,0
Lesley Dzintars,1,21,1,0
Dr. Laly Rodriguez,1,3,1,0
Bethany Eakle,1,12,1,0
Gabia Ambrocio,1,12,1,0
Elaijia Eaton,1,3,1,0
Michelle Ambalu,1,10,1,0
Dayna Allen,1,13,1,0
Eva Eberhardt,1,30,1,0
Ellen Eberhardt,1,3,1,0
Janet Amaya,1,13,1,0
Cynthia Edgerly,1,3,1,0
Dr. Sherilyn Allen,1,16,1,0
Arianne Edgar,1,14,1,0
Luciana Echavarria,1,5,1,0
Paul Egbe,1,9,1,0
Dr. Rebecca Wagner,1,16,1,0
Clymie Allen,1,40,1,0
Melissa Volchok,1,4,1,0
Dr. Katrina Smith,1,20,1,0
Natalie Kember,1,10,1,0
Tabitha Duckworth,1,24,1,0
Jill Amos,1,25,1,0
Kristen Edwards,1,6,1,0
Rhoda Anang,1,11,1,0
Alesia Dunlap,1,3,1,0
Dr. Sachi Ananda,1,3,1,0
Sarah Edwards,1,5,1,0
Marie Viscardi,1,3,1,0
Jerri Dunn,1,17,1,0
Dr. Anat Anais,1,30,1,0
Tamra Duke,1,18,1,0
Gary Duke,1,18,1,0
Britney Edwards,1,6,1,0
Victoria Durant,1,17,1,0
Wendy Durant,1,15,1,0
James Anacker,1,3,1,0
Courtney  Durgin,1,7,1,0
Stephanie Durso,1,6,1,0
Mark Wagemaker,1,3,1,0
Brigette Elgie,1,15,1,0
Britany Alva,1,9,1,0
Naomi Dweck Kassin,1,8,1,0
Johanna Dwinells,1,5,1,0
Julie Edwards,1,12,1,0
Richelle Amundson,1,7,1,0
Tiffany Alfred,1,10,1,0
Janeisha Anderson,1,12,1,0
Shamika (Meka) Alford,1,8,1,0
Lydia Warren,1,10,1,0
Stella Angelidis,1,20,1,0
Stephanie Crowe,1,3,1,0
Jessica Wansley,1,18,1,0
Dr. Dr. Ardelle Dickinson,1,13,1,0
Amanda DiMartini,1,12,1,0
Jennifer Reisner,1,25,1,0
Xia Wang,1,6,1,0
Nicole Eckhardt,1,5,1,0
Trevor Evans,1,44,1,0
Brian Evans,1,3,1,0
Andrea Dimas,1,5,1,0
Gina Dickison,1,22,1,0
Dr. Kayla Skinner,1,5,1,0
Sierra (Yazzie) Asamoa-Tutu,1,8,1,0
Edward Enzuewich,1,8,1,0
Yi Wang,1,,1,0
Mebi Eustate,1,3,1,0
Bryan Vignery,1,15,1,0
Caitlin  Vijayanagar,1,6,1,0
Alexander Dolin,1,5,1,0
James Dinh,1,6,1,0
Amanda Doll,1,7,1,0
Daphnie Vilcan,1,8,1,0
Dr. Veronica Wanzer,1,7,1,0
Keralee Vought,1,12,1,0
Matthew Armes,1,3,1,0
Dr. YVONNE WARD,1,30,1,0
Christel Dews,1,4,1,0
Altreneasha Ervin,1,6,1,0
Brooke Dey,1,16,1,0
Elizabeth DeYoung,1,3,1,0
Jastej  Dhillon,1,10,1,0
Mara Ward-Goldberg,1,6,1,0
Adrienne Ahr,1,7,1,0
Mehle Armstrong,1,10,1,0
Nicole Di Monda,1,3,1,0
Katherine Elliston,1,8,1,0
Maria Dias,1,15,1,0
Emily Diaz,1,9,1,0
Robin Armour,1,3,1,0
Kari Erickson,1,17,1,0
Emily Armour,1,5,1,0
Christina Vielmann,1,8,1,0
Ivette Diaz,1,8,1,0
Danielle Dibba,1,20,1,0
Rebecca Erdmann,1,14,1,0
Kaitlin DiBella,1,4,1,0
Stephanie Reh,1,7,1,0
Sofia Dickey,1,12,1,0
Morgan Warth,1,4,1,0
Maria Estrella,1,15,1,0
Bobbi Warner Somers,1,13,1,0
Maria Anderson,1,7,1,0
Amy Door,1,12,1,0
Jennifer Dobies,1,3,1,0
Dr. Michael Doria,1,17,1,0
Jodi Engelstein,1,24,0,1
Charles Anderson,1,13,1,0
Dr. Erika Johnson,1,10,1,0
Holly Essler,1,7,1,0
Taska  Dobson,1,3,1,0
Lisa Dorner-Zupancic,1,3,1,0
Angie Dockins,1,11,1,0
Connie Dockrey,1,3,1,0
Dr. Arlana Dodson Sims,1,3,1,0
Mary  Dohrmann,1,3,1,0
Erica Anderson,1,3,1,0
Sally Dorpfeld,1,7,1,0
Daryl Essey,1,9,1,0
Natalia  Balasundaram,1,10,1,0
Mashonda Waddell,1,3,1,0
Angela Essary,1,3,1,0
Katherine  Villard-Howe,1,10,1,0
Daria Dolan,1,3,1,0
Dr. Edgar Villarreal,1,7,1,0
Sarah Wall,1,16,1,0
Dr. Nicole Dorsey,1,15,1,0
Gary Anderson,1,20,1,0
Armand DiYenno,1,28,1,0
Christine Dicus,1,5,1,0
Lindsy Villacorta,1,11,1,0
Lourdes  Anduiza,1,20,1,0
Jillean  Adema,1,5,1,0
Renee W,1,14,1,0
Marla Dietz,1,3,1,0
Kristen Dietz,1,4,1,0
Carly Andrews,1,3,1,0
Edith Arias,1,10,1,0
Mallory English,1,10,1,0
Jorge Dominguez,1,7,1,0
Christine Estrada,1,15,1,0
Patti Diffee,1,8,1,0
Dr. James English,1,30,1,0
Kathleen Donahue,1,10,1,0
Kristine Donaldson,1,21,1,0
Jason Andrew,1,15,1,0
Kelly Arbaugh,1,27,1,0
Molly Esterl-Byrne,1,32,1,0
Keely Walston,1,6,1,0
Kimberly Andrejkovics,1,11,1,0
Michelle Aletkin,1,11,1,0
Helen Donnelly,1,4,1,0
Lizette Serrano,1,9,1,0
Brian Donovan,1,14,1,0
Kristal Davidson,1,10,1,0
Dr. Amanda Costin,1,25,1,0
Ross Davidson,1,15,1,0
David Winkler-Morey,1,21,1,0
Jason Boehler,1,3,1,0
Richard Boersma,1,3,1,0
Rebecca Carr,1,20,1,0
Stacey Gobins,1,18,1,0
Sheree Wilson,1,3,1,0
Mercedes  Carballo,1,16,1,0
Alexandra Blitzer,1,3,1,0
Rebekah Wolff,1,4,1,0
Shannon  Caraway,1,3,1,0
Denise Capurso,1,6,1,0
Brittany Carney,1,5,1,0
Dr. Kristen Carney,1,10,1,0
Jenna Bogetti,1,4,1,0
Terrence  Carn,1,17,1,0
Crystal Fillingim,1,9,1,0
Mark Carey,1,5,1,0
Jessica David,1,12,1,0
Sarah Kincheloe,1,14,1,0
Amanda Carrington,1,10,1,0
Leslie Wolf,1,10,1,0
Rosealinda Carrillo,1,8,1,0
Kim Bishop Johnson,1,15,1,0
Rocky Carrigan,1,5,1,0
"Orise  ""Shay"" Carey",1,3,1,0
"Dr. Kelly Bishop-Diaz, Ph.D.",1,15,1,0
Cassandra Wilson,1,3,1,0
Dr. Jarice Carr,1,8,1,0
Andrea Centerrino,1,30,1,0
Matia Wilson,1,3,1,0
Crystal Winfield-Edwards,1,3,0,1
Lana Wolfe,1,20,1,0
Victoria Carr,1,3,0,1
Darla Carmoney,1,6,1,0
Miriam Bohnert,1,5,1,0
Dr. Jasmine Board,1,6,1,0
Heather Callam,1,3,1,0
Dr. Valerie Camarano,1,10,1,0
Rita  Camacho,1,3,1,0
Jeanie Zink-Wythers,1,20,1,0
Linda Calvillo,1,8,1,0
Sara Bolton,1,3,1,0
Robin Zimpel,1,3,1,0
Jessica Califf,1,8,1,0
Helene Zupanc,1,8,1,0
Paula Woodburn,1,10,1,0
Mareena Woodbury-Moore,1,3,1,0
Meghan Calfee Regueira,1,14,1,0
Kali Woodland-Lambert,1,3,1,0
Christy Bond,1,16,1,0
Kristin Woodling,1,15,1,0
Sarah Bolor,1,3,1,0
Akua Campanella,1,10,1,0
Marisa Campanella-Harris,1,5,1,0
Jill Blackson,1,27,1,0
Alicia Zorn,1,13,1,0
Colleen Canfield-Smith,1,19,1,0
Barbara Cannon,1,12,1,0
Chrystol Wilson-Payne,1,13,1,0
Alissa  Zoucha,1,10,1,0
Brooke Bodar,1,3,1,0
Tamara Blackledge Burr,1,10,1,0
Jenna  Canterbury,1,6,1,0
Hamidah Winston,1,15,1,0
Shalita  Winston,1,5,1,0
Tiffany Wilson,1,10,1,0
Miranda Carman,1,3,1,0
Rainey Boateng,1,10,1,0
Alexis Wimer,1,4,1,0
Adeline Thompson,1,3,1,0
Brook Bodenhamer,1,3,1,0
Sarah Williams,1,4,1,0
Kathryn Fellows,1,4,1,0
Aimee Williams,1,4,1,0
Ariel Williams,1,10,1,0
Dr. Jag Soni,1,28,1,0
Keisha Williams,1,3,1,0
Ashton Williams,1,8,1,0
Jennifer Catabas,1,11,1,0
Barbara Blair,1,4,1,0
Dr. Meliza Castro,1,3,1,0
Nathalie Castillo,1,5,1,0
Charlie Morris,1,10,1,0
Mitze Alexander,1,3,1,0
Marcia Castanon,1,5,1,0
Dr. Gulsah Cetin,1,11,1,0
Brittany Williamson,1,5,1,0
Stephanie  Chambers,1,5,1,0
Eva Billik,1,5,1,0
Marci Bieker,1,10,1,0
Laura Bickler,1,24,1,0
Janelle Chapman,1,7,1,0
Arica  Bibbs,1,3,1,0
Dr. Esda  Beverly,1,10,1,0
Megan Beveridge,1,15,1,0
Tara Best,1,3,1,0
Andrea Charlesworth,1,10,1,0
Seth Allen,1,10,1,0
Giorgio Châtelain,1,15,1,0
Erin Beskid,1,7,1,0
Ruth Mellenthin,1,4,1,0
Carrington Chatham,1,5,1,0
Christine Williams-Kelly,1,12,1,0
Orin Willner,1,3,1,0
Shoshanna Willner,1,8,0,1
Meghan Carroll,1,4,1,0
Ruth Carter,1,13,1,0
Dr. Natalie Birman,1,27,1,0
Prof. Nick Caruso,1,31,1,0
Dr. Dana Caruso,1,24,1,0
Marie Norton,1,7,1,0
Sharon Blanchard,1,25,1,0
Lydia Bishop,1,10,1,0
Laura Woelfel,1,24,1,0
Jonathan Willoughby,1,3,1,0
John Wohlert,1,11,1,0
Lisa  Carter,1,3,1,0
Arlene Bishop,1,24,1,0
Marlene  Blanco,1,5,1,0
Michaela Carroll,1,15,1,0
Paulina Blecker,1,7,1,0
Muriel Casamayor,1,3,1,0
Amber Wilson,1,3,1,0
Elizabeth Case,1,10,1,0
Jeremy Case,1,3,1,0
Kristen Casella,1,6,1,0
Monica Garcia,1,3,1,0
Dr. Shannon Casey,1,7,1,0
Janine Kosek,1,10,1,0
Veronica Cavazos,1,7,1,0
Vasti Cedeno,1,6,1,0
Iréné    Celcer,1,30,1,0
Dr. Barb Wilson,1,13,1,0
Maria Cepeda,1,18,1,0
Caitlin Birdwell-Dodson,1,4,1,0
Sharmen Marshall,1,12,1,0
Elizabeth Wills,1,11,1,0
Corrin Casper,1,3,1,0
Dr. Nicole Caldwell,1,15,1,0
Teisha Caldwell,1,,1,0
Brianna Calderon,1,3,1,0
Karen Bridwell,1,,1,0
Sarah Budke,1,5,1,0
Nicole Browning,1,14,1,0
Randall Browning,1,3,1,0
Jean Budge,1,13,1,0
Elaine Davey,1,20,1,0
Lori Brown-Loftis,1,5,1,0
Cynecia Breaux,1,6,1,0
Jocelyn Brown,1,3,1,0
Fountain Yount,1,10,1,0
Bailie Youngstrom,1,5,1,0
Jennifer Yarbrough,1,10,1,0
Charnell  Brown,1,5,1,0
Monica Young,1,17,1,0
Natasha Young,1,10,1,0
Dana Bridges,1,3,1,0
Camille Yuscak,1,20,1,0
Dr. Jason Braun,1,18,1,0
Remargo  Yancie,1,10,1,0
Melissa Budzynski,1,3,1,0
Janet Bueno,1,10,1,0
Nikki York,1,6,1,0
Megan Bruce,1,15,1,0
Ann Bruckelmeyer,1,22,1,0
Leslie Brueckner,1,7,1,0
Libby Brueske Gold,1,3,1,0
Leah Braue,1,7,1,0
Priscillia Bui,1,5,1,0
"Brian ""Happy"" Bryanson",1,20,1,0
Lontonia Bryant,1,11,1,0
Lauren Brasher,1,3,1,0
Veronica Bryant,1,5,1,0
Jessica Bright,1,5,1,0
Dr. Beverly Younger,1,29,1,0
Monique Bryant,1,6,1,0
Megan Yee,1,6,1,0
Jonathan Ybarra,1,15,0,1
Shauna Brown,1,12,1,0
Jasmine Young,1,5,1,0
Hollie Brooks,1,16,1,0
Nicole Brown,1,5,1,0
Tangela Brice,1,7,1,0
Jessica Brousseau,1,4,1,0
Jillian  Brown,1,8,1,0
Patricia Breshears,1,32,1,0
Andromada Brooks,1,8,1,0
Melissa  Brooky,1,3,1,0
Margaret Brittingham,1,5,1,0
Heidi Brescher,1,3,1,0
Holly Young,1,5,1,0
Rachel Brohammer,1,4,1,0
Lisa (Elizabeth) Brollini,1,20,1,0
Sara Yazdi,1,12,1,0
Dianne Brown,1,23,1,0
Sara Zwieg,1,6,1,0
Dr.  Keith Breiman,1,42,1,0
Brittany Brehaut,1,3,1,0
Lauren Young,1,5,1,0
Melissa Brooks,1,4,1,0
Susan Brown,1,32,1,0
Kathleen Brown,1,3,1,0
Elisabeth Brown,1,27,1,0
Richard Yates,1,4,1,0
Diona Breese,1,25,1,0
June Young,1,3,1,0
Dr. Keeshawna Brooks,1,3,1,0
Tiffany Brown,1,13,1,0
Michelle Bundrum,1,3,1,0
Anthony Bundy,1,4,1,0
Michelle Bonilla,1,5,1,0
Michael Boretz,1,3,1,0
Laurissa Bustillos,1,3,1,0
Larissa Bustamante,1,3,1,0
Prof. Sandra Brackenridge,1,31,1,0
Keyla Byrd,1,9,1,0
Lihong (Jess) Zheng,1,7,1,0
Erica Woods,1,17,1,0
Silvie Borovcova,1,,1,0
Libby  Burris,1,8,1,0
Marva Bourne,1,3,1,0
Amy Woodward,1,5,1,0
Jeanette  Bosela,1,8,1,0
Sarah  Woodward,1,3,1,0
Katherine Woodworth,1,14,1,0
Richard Burton,1,22,1,0
Carmen Ziers,1,12,1,0
Dr. Bernadette Boozer,1,20,1,0
Camry Boudy,1,3,1,0
Mary Kay Zayani,1,25,1,0
Abigail Buteau,1,5,1,0
Joseph  Zimakas,1,,1,0
Cynthia  Boucher,1,20,1,0
Richard Cabada,1,14,1,0
Maya Butler,1,6,1,0
Erika Butler,1,28,1,0
Cynthia Boyle,1,15,1,0
Elaine Boyle,1,18,1,0
Mark Butts,1,3,1,0
Dr. Laurel Buxbaum,1,8,1,0
Cheryl Boyland,1,10,1,0
Rebekah  Cahoon,1,9,1,0
Tammy Cairns,1,10,1,0
Jenna Burton,1,19,1,0
Amy Burns,1,4,1,0
Angie Bryant,1,10,1,0
Antoinette  Bryce,1,7,1,0
Stacy Braiuca,1,23,1,0
Monica Bowens,1,4,1,0
Deanna Bucci,1,12,1,0
Heidi Bubar,1,6,1,0
Jeffrey Yin,1,15,1,0
Dr. Nonish Xiong,1,3,1,0
Hillary Zaneveld,1,20,1,0
Sandra Wooten,1,8,1,0
Danel Burchby,1,20,1,0
Joanna Bowman,1,11,1,0
Lilian (Iona) Yabut,1,6,1,0
David Yoder,1,4,1,0
Kevin Bowman,1,3,1,0
Beth Ann Bunting,1,27,1,0
Rachel Buchheit,1,10,1,0
Nyia Bowens,1,3,1,0
Danielle Zelisko,1,6,1,0
Laura Burk,1,3,1,0
Alexandra Zellner,1,5,1,0
Michele Buckner,1,17,1,0
Rachel Zarcone,1,3,1,0
Susan Burke,1,3,1,0
Dezetta Burnett,1,7,1,0
Lantrianne Worden,1,23,1,0
Jessica Brady,1,10,1,0
Melissa Brady,1,8,1,0
Lesley Zaret,1,30,1,0
Angela Zenere,1,3,1,0
LaQuesha Boston,1,3,1,0
Lisa Brady,1,10,1,0
Philip Moss,1,30,1,0
Wendy Chinn,1,12,1,0
Crystal  Berry,1,3,1,0
Renee Williams,1,3,1,0
Dr. Jake Wheatley,1,6,1,0
Elda Rosa Coulthrust,1,10,1,0
Alison Crane,1,3,1,0
Ellen Crane,1,3,1,0
Shannon Coughlin,1,5,1,0
Kassidy Grogan,1,12,1,0
Roger  Coughlan,1,40,1,0
Dr. Shannon Barnes,1,9,1,0
Heather Cotsenmoyer,1,3,1,0
Craig White,1,19,1,0
Christin Barden,1,3,1,0
Alexandria Carlson,1,3,1,0
Ebonie Barnes,1,15,1,0
Stephanie White,1,15,1,0
Melanie Barefield,1,7,1,0
Brittina Creecy,1,15,1,0
Allyson Barbato,1,20,1,0
Shana Creyssels,1,10,1,0
Amanda Baquero,1,3,1,0
Callie Baquero,1,4,1,0
Tarsha Banks-Williams,1,13,1,0
Jo Courtney-Johnson,1,14,1,0
Sheyna Wexelberg-Clouser,1,5,1,0
Claudia Covarrubias,1,10,1,0
Susan Cristol,1,14,1,0
Dr. Allie Westphal,1,8,1,0
Sarah James Pearse,1,4,1,0
Cherie Covington,1,3,1,0
Dina Critel-Rathje,1,30,1,0
Belinda  Crawford,1,17,1,0
Dr. Sheri Balsam,1,5,1,0
Katrina Balovlenkov,1,13,1,0
Callie Barfield,1,5,1,0
Chris Wheeler,1,6,1,0
Harrison Crawford,1,10,1,0
Barbara Jordan,1,30,1,0
Olivia Cornwell,1,3,1,0
Adam Whyte,1,30,1,0
Leslie Corneau,1,35,1,0
Dr. Daniel Wick,1,3,1,0
Patrick Cork,1,35,1,0
Kristine Bartyzel,1,15,1,0
Andrea Baskin,1,7,1,0
Kimberly Coto,1,14,1,0
Emma White,1,3,1,0
Chloe Cooper,1,6,1,0
Rebecca Cooper,1,3,1,0
Aubrey Bassham,1,4,1,0
Teresa Bassi-Cook,1,34,1,0
Desire Hill,1,20,1,0
Holly Van Dyke,1,4,1,0
LaNell Renee Barton,1,3,1,0
Melissa Bartnick,1,11,1,0
Garry Cowles,1,49,1,0
Dr. Courtney Corrado,1,8,1,0
Dwayne White,1,4,1,0
Colleen Barrows,1,8,1,0
Brooke Jacobsen,1,3,1,0
Anne Whitted,1,11,1,0
Beverly Barnett-Tarpley,1,8,1,0
Lori King,1,20,1,0
Maria Coyle,1,20,1,0
Takara Whichard,1,10,1,0
Elizabeth Barnett,1,19,1,0
Sheri Sims,1,5,1,0
Deonna Crabtree,1,15,1,0
Christine Brinkmann,1,3,1,0
Paula Crawford,1,7,1,0
Teri Martin,1,20,1,0
Giovanna Akins,1,5,1,0
Kate Daniel,1,15,1,0
Lori Pahl,1,10,1,0
Margot Weinshel,1,40,1,0
Dr. Manisha Shendge,1,8,1,0
Dr. Donna Daniel,1,38,1,0
Alicia  Wells,1,16,1,0
Danny Daniel,1,24,1,0
Dr. Tina Daniel,1,23,1,0
Deanna Baker,1,5,1,0
Greg D'Eloia,1,5,1,0
Josh Curie,1,5,1,0
Christopher Wells,1,15,1,0
Andrea Dalzell,1,3,1,0
Carissa Baker,1,5,1,0
Michelle Cunningham Harrell,1,3,1,0
Dianne Dabney,1,3,1,0
Ryan Weiner,1,5,1,0
Sealani Weiner,1,35,1,0
Lisa Danner,1,6,1,0
Lacy Weinblatt,1,5,1,0
Arvin Bains,1,13,1,0
Leslie Bailey,1,3,1,0
Marlina Dantzler,1,5,1,0
Andrea Daigle,1,5,1,0
Joanne Dailey,1,36,1,0
Dr. Barbara Weliky,1,30,1,0
Elizabeth Bailey,1,8,1,0
Ellen Darnell,1,5,1,0
Sherisse Bailey,1,10,1,0
Ingrid Weibust,1,17,1,0
Britne Daughtdrill,1,3,1,0
Khadisha Davenport,1,20,1,0
Anna Czerniak,1,8,1,0
Nicole Weiss,1,3,1,0
Evie Ball,1,10,1,0
Jessica (Jessi) West,1,3,1,0
Nicole Baker,1,30,1,0
Nadine Baker,1,3,1,0
Kirsten Crummel,1,7,1,0
Tondra Crum,1,8,1,0
Sharon Baker,1,3,1,0
Brent Crowson,1,8,1,0
Jennifer Crowe,1,7,1,0
Carman Cunningham,1,8,1,0
Bridget Balajadia,1,6,1,0
"Dr. Dawn Crosson, Psy.D",1,19,1,0
Kristen Balan-DiBella,1,13,1,0
Chelsea Baldwin,1,4,1,0
Dr. Alexis Westbrook,1,5,1,0
Domonika  Thomas,1,10,1,0
Carol Cruz,1,10,1,0
Emily King,1,3,1,0
Nicholas Cuccia,1,3,1,0
Katherine Cuellar-Lei,1,7,1,0
Catia Trevino,1,10,1,0
Amy Culbert-Burgess,1,10,1,0
Sydney Wenglein,1,6,1,0
Debbie Culp,1,20,1,0
Hardy Baker,1,21,1,0
Kelly Baker,1,12,1,0
Donna Cussigh,1,20,0,1
Elizabeth Welwood,1,3,1,0
Melissa Baker,1,3,1,0
Dr. Holly Cunningham,1,7,1,0
Shonda Dallas,1,14,1,0
Julie Cunningham,1,4,1,0
Dr. Lindsay Weiss,1,10,1,0
Rachelle Cooksey,1,7,1,0
Christina Cook,1,7,1,0
William Benton,1,4,1,0
Nicole Williams,1,20,1,0
Camille Coffey,1,3,1,0
Heather Cobbs,1,3,1,0
Frances Cloud,1,3,1,0
Julie Belmont,1,5,1,0
Angela Clark,1,7,0,1
Peta Williams,1,6,1,0
Kendell Clark,1,8,1,0
Etan Ben-Ami,1,20,1,0
Brittany Williams,1,9,1,0
Dr. Anushree Belur,1,3,1,0
Anna Clark,1,3,1,0
Dr. Candace  Williams,1,9,1,0
Julie Berg-Einhorn,1,35,1,0
Samatha Belville,1,30,1,0
Teresa Wilkinson,1,22,1,0
Patricia Wilkinson,1,3,1,0
Amanda Wilkinson,1,20,1,0
Lauren Williams,1,3,1,0
Kathryn Clavin Vunkannon,1,7,1,0
Bhakti Cohen,1,15,0,1
Rachel Cohen,1,10,1,0
Carmella Bell,1,3,1,0
Weyni Williams,1,23,1,0
Jessica Belk,1,14,1,0
Jamie Wilkinson,1,3,1,0
Stephanie Clayton,1,6,1,0
Elizabeth Behm,1,10,1,0
Colleen Clevenger,1,13,1,0
Paul Clonts,1,8,1,0
Trisime Close,1,9,1,0
Lauren Closen,1,7,1,0
Reimi Willett,1,10,1,0
Dr. William Clancy,1,19,1,0
Tiffany Begley,1,3,1,0
Brie Bernhardt,1,5,1,0
Angie Spranger,1,4,1,0
Lyndsey Williams,1,4,1,0
Kaitlin Wheeler,1,3,1,0
Jennifer Benoit,1,12,1,0
Stefanie Schanaberger,1,10,1,0
Rachel Leonhard,1,10,1,0
Jaja Chen,1,3,1,0
Buffie Williams,1,18,1,0
Lea Cheen,1,6,1,0
Laticia Weston,1,9,1,0
Andrea Corker,1,5,1,0
Dr. Meaghan McVeigh,1,7,1,0
Casey DeGroot,1,10,1,0
Alicia Funes,1,20,1,0
Elizabeth Cherry,1,14,1,0
Manisha Chulani,1,4,1,0
Joseph Williams,1,22,1,0
Priscilla Benites,1,18,1,0
Thomas Bergvik,1,3,1,0
Dr. Catherine Ciano,1,10,1,0
Katie Bergman,1,7,1,0
Vanessa Williams,1,16,1,0
Melissa  Childers-White,1,3,1,0
Jess Childress,1,11,1,0
Deborah Cichon,1,11,1,0
Alexis Chin,1,4,1,0
Yvette Williams,1,10,1,0
Bonnie  Cieply,1,10,1,0
Vanessa Benavides,1,3,1,0
Jane Cislo,1,30,1,0
Jessica Benash,1,13,1,0
Bereatha Wilkerson,1,20,1,0
Raymund  Begaye,1,4,1,0
Jonathan White,1,7,1,0
Aishah Whitehead,1,7,1,0
Monica Congdon,1,25,1,0
Lillian Farzan-Kashani,1,4,1,0
Samantha Contreras,1,3,1,0
Katie Conforti,1,7,1,0
Katelyn Coney,1,3,1,0
Diana Wightman,1,11,1,0
Renee Concepcion,1,17,1,0
Marjola Como,1,10,1,0
Britt Whitelaw,1,4,1,0
Sailys Concepcion,1,4,1,0
Lucy Whitelocke,1,17,1,0
Jessica Connors,1,10,1,0
Shawnda Connor,1,5,1,0
Wendy Baxter,1,3,1,0
Nicole White-Samuels,1,3,1,0
Heather Conway-Haehn,1,6,1,0
Christina White,1,15,1,0
Christine White,1,7,1,0
Anna Beard,1,10,1,0
Jason Fox,1,15,1,0
Jillian Baugh,1,5,1,0
Ed Keaveny,1,11,1,0
Jaclyn Bauer,1,3,1,0
Mindy Battles,1,7,1,0
Lauren Conley,1,18,1,0
"Melinda ""Mindy"" Miles",1,10,1,0
Tracy  Wiesneske,1,13,1,0
Cierra Batiste,1,8,1,0
Brittany Cook,1,4,0,1
Kimberly Bates,1,8,1,0
Jillian DiPietro,1,5,1,0
Brooke Beato,1,5,1,0
Alexandra Connor,1,5,1,0
Gayle Beese,1,3,1,0
Byron Coley,1,4,1,0
Tiffani Wiles,1,10,1,0
Dr. Victoria Colleli,1,15,1,0
Cary Coll,1,6,1,0
Rae Coley,1,12,1,0
Kristine Wiley,1,10,1,0
Laurie Beaulieu,1,20,1,0
Claire Bazile,1,6,1,0
Rebecca Whitley,1,3,1,0
Sharon Wilkening,1,16,1,0
Margot Bean,1,3,1,0
James Becker,1,10,1,0
Jordan Coleman,1,5,1,0
Cory Bedtke,1,6,1,0
John  Cole,1,9,1,0
Sherri Collier,1,20,1,0
Cathy Collins,1,6,1,0
Tracey Beaty,1,5,1,0
Dr. Jesse Collins,1,15,1,0
Amy Wilder,1,30,1,0
Lorine Bay,1,3,1,0
Joy Martens,1,3,1,0
Jennifer Wilde,1,10,1,0
Timothy Baxter,1,6,1,0
Samantha Baxter,1,7,1,0
MYRNA COLON,1,15,1,0
Andria Connell,1,3,1,0
Annette Shaeffer,1,15,1,0
Katina Wilcher,1,23,1,0
Heidi Kling,1,8,1,0
Diane Hill,1,22,1,0
Ryan Douglas,1,10,1,0
Kalisha Reed,1,7,1,0
Maya Handwerk,1,15,1,0
Leslie Filsinger,1,36,1,0
Sara McClelland,1,4,1,0
Patricia Scheldrup,1,9,1,0
Scott Schenck,1,10,1,0
Brandi McGee,1,3,1,0
Alexandria Schenk,1,6,1,0
Berthina McGill,1,3,1,0
Lauren McGee,1,5,1,0
Shelby Schestag,1,12,1,0
Jennifer McFarlin,1,3,1,0
Kathleen  McElroy,1,9,1,0
Caryl Schiff-Greatorex,1,9,1,0
Claire McDonough,1,20,1,0
Vivian McCollum,1,30,1,0
Nicole Schlett,1,10,1,0
Julie McDermott,1,4,1,0
Wendy McDermott,1,20,1,0
Heather Schmauk,1,6,1,0
Mary McDaniels,1,3,1,0
Dr. Brady McDaniels,1,25,1,0
Jessica McDaniel,1,17,1,0
Linda Schelander,1,20,1,0
Ian Scheiner,1,6,1,0
Danielle Schehrer,1,9,1,0
Jay McKeel,1,36,1,0
Megan McLearon,1,,1,0
Dr. Whitney McLaughlin,1,5,1,0
JoAnn McKinney,1,10,1,0
Dr. Mary Schacht,1,12,1,0
Melanie McKinney,1,20,1,0
Erin McKinney,1,6,1,0
Dr. Melissa  Schacter,1,6,1,0
Miranda McKinley,1,6,1,0
Gregory Savage,1,15,1,0
Kenlo McGowan,1,5,1,0
Katy Mckee,1,3,1,0
Timothy McKay,1,5,1,0
Timothy McIntyre,1,20,1,0
Charessa McIntosh,1,6,1,0
Natalie Schaffer,1,6,1,0
Cindy McIntire,1,4,1,0
Gaye Schankweiler,1,20,1,0
David McGraw,1,3,1,0
Tricia McCloskey,1,13,1,0
Christina  McClarren,1,3,1,0
Kerriann McLoone,1,3,1,0
David Schmitt,1,16,1,0
Elizabeth Schrimpf,1,3,1,0
Randall Maurer,1,27,1,0
Dr. Marlo  Mathis,1,15,1,0
Alyssa Matz,1,5,1,0
Dr. Telina Mathews,1,17,1,0
Brandi Matz,1,20,1,0
Ian Schroeder,1,11,1,0
Jennie Schroll,1,10,1,0
Raechel Schwartz,1,8,1,0
June Schwartz,1,31,1,0
Steven Mason,1,18,1,0
Sarah Martyn,1,3,1,0
David Schwartz,1,13,1,0
Johanna Martinez Rink,1,3,1,0
Krystal Martinez,1,3,1,0
Randolph  Schweinberg II,1,3,1,0
Crystal Martinez,1,7,1,0
Pablo Martinez,1,10,1,0
Janice Martindale,1,3,1,0
Chris Mawhinney,1,3,1,0
Tiffany Duckworth Matthews,1,18,1,0
Austin Matthews,1,4,1,0
Deborah  Schnitzer,1,21,1,0
Tara McClain,1,4,1,0
Janina McClain,1,10,1,0
Teresa McCarthy,1,10,1,0
Jennifer McCann,1,20,1,0
Libby McCain,1,3,1,0
Jeremeka McBride,1,5,1,0
Jean McBride,1,27,1,0
Aileen McAteer,1,3,1,0
Craig McAdams,1,9,1,0
Susan Mattice,1,25,1,0
Dr. Tina Mayes,1,10,1,0
Darlene Mayers,1,26,1,0
Jordan Matuszak,1,3,1,0
Brent  Schrader,1,18,1,0
Austin Schrag,1,4,0,1
Caroline May,1,7,1,0
Jack May,1,10,1,0
Krisi Mattingly,1,9,1,0
Jordanna Saunders,1,13,1,0
Kellie McMaster,1,13,1,0
Dr. Christina Marsack,1,6,1,0
Laura Miller,1,7,1,0
Dr. Dale Minor,1,20,1,0
Jessica Minieri,1,22,1,0
Jason Mincey,1,3,1,0
Nina Marie Mincarelli,1,3,1,0
Sally Millsap,1,30,1,0
Marlene Mills-Margesson,1,22,1,0
Ian Sanders,1,6,1,0
Brittany Mills,1,6,1,0
Janice Mills,1,33,1,0
Tonya Mills,1,6,1,0
Nicole Millerd,1,9,1,0
Katie Miller-Murphy,1,7,1,0
Brittani Sanders,1,9,1,0
David Miller,1,13,1,0
Letha Miller,1,20,1,0
Edna Sanders-Mensah,1,5,1,0
Sonya Sanders-Murray,1,3,1,0
Dr. Carla Santana,1,14,1,0
Kyle Miller,1,8,1,0
Leah Mizell,1,10,1,0
Julia Mobiglia,1,3,1,0
Andrea Miranda,1,10,1,0
Gloria  Samuel,1,3,1,0
Dr. Ciji Mitchell,1,9,1,0
Stephanie Sammarco,1,15,1,0
Poythress Mitchell,1,6,1,0
Eva  Mollinedo,1,3,1,0
Heather Moller,1,7,1,0
Holly Mitchell,1,10,1,0
Vanessa Sampson-Schneider,1,6,1,0
Alicia-Ann Samuel,1,3,1,0
Tahirah Samuels,1,3,1,0
Tiffany  Mock,1,10,1,0
Carolyn Moldovanyi,1,19,1,0
Tamara Mohammed,1,12,1,0
Laura San Nicolas,1,24,1,0
Dr. Tara Mitchell,1,10,1,0
Dianne Mishra,1,23,1,0
JESSICA MOFIELD,1,5,1,0
Raquel Miret,1,4,1,0
Alba Miranda,1,15,1,0
Emily Miller,1,3,1,0
Sonja Micocci,1,15,1,0
Steven Scaricamazza,1,10,1,0
Dr. Susan Santiago-Turner,1,15,1,0
Dr. Donna Sargent,1,3,1,0
Janette Mendez,1,3,1,0
Vicki Sarnoski,1,25,1,0
Ashley Sawyer,1,4,1,0
Bekka Sartwell,1,11,1,0
Elizabeth Mello,1,4,1,0
Jacquelyn Mellis,1,35,1,0
Lily Meiss,1,3,1,0
Peg Meis,1,35,1,0
Dr. Rachael Meir,1,15,1,0
Heather McQuay,1,10,1,0
Shannon McQuade,1,16,1,0
Melissa Mee,1,19,1,0
Philip Medlyn II,1,3,1,0
Kelly Medlin,1,20,1,0
Jessica  Medina,1,10,1,0
Tim McMurphy,1,40,1,0
Dr. Jennifer McManus,1,10,1,0
Kaileen McMickle,1,5,1,0
Dr. Jacquelyn Mentor,1,20,1,0
Manuel Mercado,1,20,1,0
Chelsea Sargent,1,11,1,0
Gloria  Santos,1,5,1,0
Melissa Micnhimer,1,3,1,0
Lauren Miller,1,3,1,0
Anna  Miller,1,3,1,0
Valerie Savercool,1,4,1,0
Julie Micek,1,15,1,0
Melinda Meyers,1,10,1,0
Theresa Miller,1,11,1,0
Maegan Mexicotte,1,7,1,0
Victoria Mexcur,1,5,1,0
Anna Mercante,1,5,1,0
Diane Metayer,1,3,1,0
Vanessa Sandoval,1,5,1,0
Annie Mesich,1,15,1,0
Oluwafemi Sanya,1,7,1,0
Tom Meredith,1,6,1,0
Danielle Mercuri,1,,1,0
Joanne Mercier,1,22,1,0
Danielle Sandy,1,15,1,0
Mary Martin,1,7,1,0
Angelena Schwengel,1,12,1,0
Jeffrey Finkbiner,1,30,1,0
Kathy Lewis,1,3,1,0
Mike Sherman,1,3,1,0
Melissa Lindbloom,1,3,1,0
Kimberly Sherman,1,10,1,0
Lauren Lindback,1,8,1,0
Dr. Jed Livingston,1,8,1,0
Dr. Chang Liu,1,5,1,0
Jack Sherratt,1,6,1,0
Dr. Jane Liu,1,13,1,0
Ashley Ligon,1,12,1,0
Carri McCrary,1,12,1,0
Mary Liesenberg,1,10,1,0
Stacy Liegel,1,4,1,0
Yelena Shik,1,16,1,0
Jessica Liedka,1,3,1,0
Yechiel Lichtenstein,1,7,1,0
Chavie Lichtenberg,1,3,1,0
Anchin Liaw,1,3,1,0
Kristin Lewis,1,20,1,0
Benjamin  Shoch,1,5,1,0
Karen Lindenmeyer,1,20,1,0
Khem Shepsutera,1,12,1,0
Shannon Lloyd,1,12,1,0
Dr. Jennifer Logan,1,12,1,0
David  Shaw,1,41,1,0
Jennifer Shaw,1,20,1,0
Emma Long,1,4,1,0
Myisha Long,1,15,1,0
Kenny  Londono,1,11,1,0
Leslie Lombardy,1,15,1,0
Julie Shearer,1,8,1,0
Ashley Lombardi,1,3,1,0
Kimberly Loftis,1,3,1,0
Bruce  Lindsey,1,20,1,0
Zaida Liranzo,1,21,1,0
Angela Sheffler,1,3,1,0
Nicole Lippert,1,3,1,0
Laura Linville,1,15,1,0
Laurie Linsley,1,4,1,0
Virginia Link-Kelley,1,8,1,0
Monica Shelton,1,3,1,0
Kenneth Lingle,1,20,1,0
Meghan Shoemaker,1,6,1,0
Elisa Lewis,1,9,1,0
Jason Shaw,1,6,1,0
Dr. Clare Lewis,1,11,1,0
Joye Pascall,1,20,1,0
Megan Shultz,1,6,1,0
David Lester,1,18,1,0
Cynthia Siadat,1,8,1,0
Suzanne Sibilla,1,15,1,0
Brenna Leslie,1,3,1,0
Vickie Leff,1,30,1,0
Kia Lee,1,7,1,0
Vinson  Lee,1,8,1,0
Gina Sigel,1,,1,0
John Lee,1,17,1,0
Ellen Silbert,1,3,1,0
Melanie Lee,1,13,1,0
Jennifer Siliato,1,3,1,0
Tia Lee,1,10,1,0
David Lechnyr,1,23,1,0
Jan LeBahn,1,10,1,0
Dr. Susan Lear,1,,1,0
Gabriella Leal,1,7,0,1
Sonya Shulkin,1,25,1,0
Gabe Lett,1,16,1,0
Edward (Ed) Lei,1,20,1,0
Marykate Shorter,1,14,1,0
Danielle Lewis,1,6,1,0
Dr. Linda Shope,1,35,0,1
Dr. Kenia Lewis,1,10,1,0
Trecia Lewis,1,10,1,0
Lea Leonard,1,20,1,0
Judy Lenz,1,20,1,0
Linda Levinson,1,4,1,0
Lori Lenhard,1,8,1,0
Douglas Shotsky,1,10,1,0
Lisa Leibowitz,1,6,1,0
Nyla  Lengacher,1,30,1,0
Carolyn Showell,1,25,1,0
Ellen Levine,1,3,1,0
Dr. David Levine,1,5,1,0
Laura Levine,1,10,0,1
Maura Levesque,1,25,1,0
Cassie Shropshire,1,6,1,0
Jason Leinbaugh,1,3,1,0
Gregory Longmore,1,4,1,0
Kelli Lopez,1,18,1,0
Christina Marrow,1,3,1,0
Marianna Maly,1,7,1,0
Cynthia (Cindy)  Scovel,1,5,1,0
Dr. Linda Marcoux,1,13,1,0
Michelle Marshall,1,17,1,0
Jeri Marshall,1,14,1,0
Tiffany Scurto,1,14,1,0
Melanie Marsh,1,11,1,0
Donna Marchant-Roof,1,25,1,0
Ashley Marchal,1,5,1,0
Sherry Marasse,1,,1,0
Diana Sebzda,1,17,1,0
Leah Maraoui,1,4,1,0
Barbara Secor,1,9,1,0
Dana Manzo,1,10,1,0
Jeffery Manzer,1,3,1,0
Dr. Cynthia  Manning,1,12,1,0
Jessica Seebeck,1,3,1,0
Loren Mannard,1,25,1,0
Linda Mann,1,30,1,0
Zoe Segers,1,17,1,0
Laura Marshall,1,15,1,0
Sarah Marshall,1,16,1,0
Deborah Scott,1,15,1,0
Katherine  Martin,1,20,1,0
Renee Marriott,1,3,1,0
Robin Marraccini,1,18,1,0
Janice  Marr,1,25,1,0
Cryssol  Marquez,1,7,1,0
Michelle Scolaro,1,10,1,0
Sean Marmolejo,1,3,1,0
Evan Marmol,1,3,1,0
Laura Martin,1,4,1,0
Brooke Markwell,1,5,1,0
Damaris  Scott,1,3,1,0
Dr. Ronnie Martin,1,27,1,0
Kristen Martin,1,6,1,0
Lauren  Mariotti,1,3,1,0
Mari Mariano,1,3,1,0
Dr. Ariel Maria,1,12,1,0
Paula Martell,1,40,1,0
Erin Abigail Marden,1,8,1,0
Lisa Scott,1,30,1,0
Mariann Mamberg,1,24,1,0
Tina Maltese Gio,1,22,1,0
Amy Louis,1,15,1,0
Rosemary Maltese,1,7,1,0
Emily Lyons,1,6,1,0
Siouneh Shabandari,1,7,0,1
Dr. Lisa  Lyons,1,21,1,0
Annie Shackelford,1,16,1,0
Amy Lynch,1,9,1,0
Rosalie Lynch,1,33,1,0
Beth Lutz,1,21,1,0
Jean Lundquist,1,5,1,0
Nathan Lumbatis,1,12,1,0
Dr. Katrina Luke,1,12,1,0
Nathan Luecking,1,11,1,0
Anthony Ludwig,1,10,1,0
Rhonda  Lucineo,1,13,1,0
Paul  Lowman,1,3,1,0
Natasha Lovelace,1,10,1,0
Latoya Love,1,8,1,0
Kimberly Sharpe,1,20,1,0
Sha-de' Sharpe,1,9,1,0
Dr. Annette Love,1,17,1,0
Danielle Macias,1,4,1,0
Lauren MacKellar,1,3,1,0
Britney Maddox,1,8,1,0
Jennifer Maise-Cormier,1,10,1,0
Jessica Malsam,1,3,1,0
Greg Malone,1,17,1,0
Miranda Malone,1,3,0,1
Jennifer Mallis,1,3,1,0
Nancy Maletz,1,40,1,0
Edili Maldonado,1,6,1,0
Carla  Maldonado,1,6,1,0
Marlea Major,1,5,1,0
Joanne Mainberger,1,15,1,0
Jenna Seto,1,3,1,0
Joel Senor,1,3,1,0
James Maguire,1,3,1,0
Sulfiati Magnuson,1,24,1,0
Stephen Maffei,1,3,1,0
Alexa Maestranzi,1,6,1,0
Roscelia Madrigal,1,3,1,0
Toni Session,1,3,1,0
Magdalena (Maggie) Madera,1,40,0,1
Laurie Mombay,1,18,1,0
Dr. Christina Saltman,1,11,1,0
Theresa Montague,1,5,1,0
Kaitlyn Personette,1,4,1,0
Karen Pelligra,1,22,1,0
Ashley Perkins,1,3,1,0
Suzanne Peterson,1,4,0,1
Helen Perez-Boyd,1,5,1,0
Ashley Rivera,1,3,1,0
Amanda Rivera,1,5,1,0
Anastasia  Rivera,1,5,1,0
Sharitza Rivera,1,8,1,0
Dr. Bruce  Pedigo,1,40,1,0
Andrea Peterson,1,,1,0
Melissa Peterson,1,23,1,0
Dr. Marlys Rixey,1,30,1,0
Emma Pereira,1,3,1,0
Rose Rizzo,1,3,1,0
Melissa Pecano-Jones,1,14,1,0
Alexis Pearson,1,9,1,0
Misty Pearson,1,9,1,0
Whitney Peak,1,5,1,0
Dr. Dov Paz,1,21,1,0
Dr. Denise Petrelli-Holst,1,3,1,0
Anita Ritchey,1,8,1,0
Michael  Petrosky Flores,1,19,1,0
Emily Plank,1,9,1,0
Lisa Phelps,1,8,1,0
Ashley Riker,1,4,1,0
Karin Pleasant,1,4,1,0
Thomas Pfister,1,3,1,0
Katherine Pfeiffer,1,3,1,0
Brandy Pfeifer,1,10,1,0
Jessica Pierce,1,3,1,0
Caitlin Pierce,1,11,1,0
Rosie Pettway,1,17,1,0
Tequilla  Pittman,1,11,1,0
Melissa Pickett,1,3,1,0
Meredith Rinna,1,21,1,0
Cindy Picht,1,,1,0
Julie Pivovarnik,1,25,1,0
Shannon Ripani,1,7,1,0
Dr. Lauren Pitts,1,9,1,0
Dr. Nancy Picard,1,20,1,0
Elizabeth Risku,1,12,1,0
Marcella Payne Charley,1,17,1,0
James Roberts,1,5,1,0
Bridget Riffel,1,3,1,0
Roy Payne,1,9,1,0
Lindsey Pate,1,6,1,0
Derek Parker,1,13,1,0
Nicole Patalano,1,4,1,0
Tracy Parker,1,3,1,0
Dr. Lucy Parker,1,5,1,0
Allison Pastine,1,15,1,0
Nicole Pankey,1,3,1,0
Kelli Passalacqua,1,3,1,0
Constance Parker,1,15,1,0
Dr. Patricia Rocha,1,16,1,0
Sandimarie Panagiotatos,1,3,1,0
Rachel  Parsons,1,15,1,0
Dr. Barbara Palomino,1,18,1,0
Deborah Palmer Thomas,1,10,1,0
Dr. Marilyn Parker,1,13,1,0
Lashanda Palmer,1,12,1,0
Marjie Roddick,1,6,1,0
Heather Page,1,5,1,0
Lisa Padilla,1,7,1,0
Kenneth Parker,1,3,1,0
Crystal  Paredes,1,7,1,0
Nicole Parente,1,7,1,0
Gwen Paulson,1,7,1,0
Andrew Penn,1,3,1,0
Niesha Perry,1,10,1,0
Emily Roberts,1,10,1,0
Chelsea Roberts,1,3,1,0
Daniesha Perry,1,5,1,0
Valerie  Roberts,1,10,1,0
Kristen Pavela,1,6,1,0
Beverly Pautz,1,22,1,0
Lauren Pauling,1,5,1,0
Carolyn Parks,1,10,1,0
Tiffany Patton-Barnes,1,20,1,0
Jeanie Robertson,1,34,1,0
Laura Parodi,1,30,1,0
Allison Parliament,1,17,1,0
Kristen Patryna,1,7,1,0
Sunyeo Park,1,10,1,0
Dr. Leya Robinson,1,3,1,0
Nakita Robinson,1,9,1,0
JENA PLUMMER,1,4,1,0
Melissa Riesgo,1,10,1,0
Mary Monaghan,1,4,1,0
Nicholas Reynolds,1,3,1,0
Elizabeth Radley,1,7,1,0
Dr. Rachel Radin,1,8,1,0
Anthony Radford,1,5,1,0
Sandy Ramsey,1,20,1,0
Sadie Quintanilla,1,3,1,0
Melanie Reyes,1,11,1,0
Madeline  Reyes,1,15,1,0
Stephanie Quinn,1,3,1,0
Martha Quinn,1,3,1,0
Catherine Quinn,1,11,1,0
Autumn Quiles,1,20,1,0
Grisel Quijano,1,20,1,0
Angelica Quick,1,18,1,0
Brittany Renando,1,3,1,0
Dr. Linda Qualia,1,45,1,0
Kayla Quadros,1,7,1,0
Kathryn  Reneau,1,16,1,0
Anton Pustaver,1,14,1,0
Susan Resnik,1,20,1,0
Kara Ranes,1,11,1,0
Ingrid Rey Balbuena,1,10,1,0
Emily  Rangel,1,7,1,0
Reyna Rauda-Trout,1,15,1,0
Richale Reed,1,10,1,0
Jessica Reed,1,12,1,0
Erin  Redmond,1,5,1,0
Marjorie Reese,1,5,1,0
Kim Redae,1,3,1,0
Melissa Recore,1,7,1,0
Gabriele Rebbe,1,20,1,0
John Raven,1,,1,0
Gail Rattner,1,3,1,0
Mary Ransom,1,30,1,0
Dr. Arlene Rattan,1,3,1,0
Aimee Reichert,1,13,1,0
Dr. Lisa  Rasheed,1,24,1,0
Rebecca Rahn,1,3,1,0
Chasity Rasco,1,5,1,0
Nicole Rasche,1,4,1,0
Karla Ragsdale,1,9,1,0
Frances Ransome,1,8,1,0
David Pugh,1,21,1,0
Esther Reynolds,1,31,1,0
Craig Phillips,1,7,1,0
Jamie Przybylski,1,22,1,0
Dr. Rafiah Prince,1,11,1,0
Garrick Richardson,1,9,1,0
Dr. Meredith Poster,1,15,1,0
Dr. David Prichard,1,35,1,0
Dr. Rozetia Richardson,1,10,1,0
Alicia Richardson,1,17,1,0
Lori Posdal,1,30,1,0
Najmeh  Poursaeidimahani,1,3,1,0
Alice Richmond,1,6,1,0
Dr. Ron Rickerhauser,1,15,1,0
Erica Pouncie,1,7,1,0
Tammy  Porter,1,9,1,0
Claire Riddiough,1,5,1,0
Mateus Porter,1,7,1,0
Tammy Ponder,1,20,1,0
Maurice Ponder,1,10,1,0
Jeffrey Pollack,1,20,1,0
Jamie Phillips,1,3,1,0
Mari  Ries,1,3,1,0
Dr. Edrica Richardson,1,10,1,0
Sharon Richardson,1,3,1,0
Julie Powell,1,3,1,0
Danielle Rice,1,5,1,0
David  Presby,1,17,1,0
Ashley Rhys,1,8,1,0
Alisha Riasati,1,6,1,0
Amy Pruitt,1,18,1,0
Megan  Pruett,1,6,1,0
Lisa Provorny,1,6,1,0
Susan Prosnick,1,3,1,0
Holly Rice,1,9,1,0
Celeste Prose,1,4,1,0
Jaclyn Powell,1,10,1,0
Meagan Powlas,1,11,1,0
Dawn Richa,1,3,1,0
Eve  Mary Richard,1,11,1,0
Stacey Richard-Baal,1,7,1,0
Elizabeth A. Pritchett,1,3,1,0
Jenny Printz,1,9,1,0
DeEdra Powell,1,3,1,0
Dawn Pringle,1,15,1,0
Jennifer Efemena  Ozomaro,1,5,1,0
Bethany Oxford,1,4,1,0
Mitchell Owens,1,3,1,0
Katherine Russin,1,24,1,0
Dr. Susan Murati,1,3,1,0
Marc Ruggiero,1,9,1,0
Jan Munday,1,19,1,0
"Terry ""TJ"" Rumler",1,5,1,0
Candace Mullins,1,3,1,0
AnnMarie Mullins,1,25,1,0
Kailey Mullins,1,3,1,0
Jennie Mulligan,1,10,1,0
Leslie Mulligan,1,23,1,0
Tierra Rushing,1,5,1,0
Richard Muenzer,1,13,1,0
Beth Ruske,1,18,1,0
Dr. Ron Muchnick,1,25,1,0
Jon Mrnak,1,4,1,0
Daniel Mowry,1,3,1,0
Caroline Motley,1,3,1,0
Stephanie Moss,1,8,1,0
Donna Moshier,1,3,1,0
Alison Russell,1,25,1,0
Shelly Rucker,1,8,1,0
Adia Naba,1,20,1,0
David Nabea,1,6,1,0
Kendrah Nason,1,12,0,1
Jenny Nelson,1,9,1,0
Shamar Rouse,1,14,1,0
Leslie Neff,1,18,1,0
Vickie Neapolitan,1,16,1,0
Raymond  Navarro,1,5,1,0
Christina Naujokas,1,7,1,0
Lisa Myers,1,8,1,0
Elizabeth Myatt,1,3,1,0
Jennifer Rowles-Romito,1,25,1,0
Diana Rubio,1,5,1,0
Ekaterina Musok,1,5,1,0
Dana Musallet,1,8,1,0
Evelyn Murrell,1,3,1,0
Diana Murray,1,10,1,0
Dr. Rebecca Ruberg,1,10,1,0
Natalie Murray,1,14,1,0
Lance Nabers,1,15,1,0
Cefora Rubin,1,19,1,0
Krissy Moses,1,5,1,0
Kerri Moses,1,24,1,0
Heather Ouwinga,1,7,1,0
Lindsay Moser,1,5,1,0
Michelle Morales,1,18,1,0
Mariel Moore,1,5,1,0
Dr. Ann Moore,1,20,1,0
Timothy  Moore,1,23,1,0
Leesha Moore,1,6,1,0
Kate Saldana,1,3,1,0
Margaret Moore,1,18,1,0
Kristine Salera,1,5,1,0
Nicole Moore,1,15,1,0
Samantha Moon,1,5,1,0
April Moody,1,3,1,0
Melissa Montrose,1,3,1,0
Ayngi Montgomery,1,3,1,0
Mickey Montemayor,1,8,1,0
Denisha Salley,1,2,1,0
Melissa Monahan,1,3,1,0
Dr. Aisha Mitchell Washington,1,19,1,0
Lynn Salsbury,1,12,1,0
Sonny Saltalamachia,1,9,1,0
Javier Morales,1,7,1,0
Etosha Salazar,1,6,1,0
Alexandra Morales,1,10,1,0
Jeanine  Rysewyk,1,25,1,0
Connie Morris,1,3,1,0
Arlene  Morris,1,20,1,0
Irwin Rutherford,1,6,1,0
Crystal Morton,1,3,1,0
Karel  Morton,1,5,1,0
Connie Ruyter,1,10,1,0
Monica Morrow,1,15,1,0
Julianne Morin,1,13,1,0
Holly Morgel,1,3,1,0
Jamie Sailors,1,10,1,0
Susan Morgan,1,20,1,0
Meghan Morgan,1,15,1,0
Juliana Morgan,1,12,1,0
Jessica Morecraft,1,9,1,0
Mario Morano,1,6,1,0
Tyler Moran,1,3,1,0
Brianna Morales,1,4,1,0
Ranee Sahachartsiri,1,12,1,0
Elizabeth Nelson,1,10,1,0
Jill Rountree,1,8,1,0
Trisha Nelson,1,11,1,0
"Jennifer ""Jenny"" Nelson",1,6,1,0
Dr. Brandon Olive,1,21,1,0
Kaden Rogers,1,4,1,0
Scarlett Olivares,1,15,1,0
Rita ODonnell,1,11,1,0
Edmond ODonnell,1,40,1,0
Benjamin Odom,1,12,1,0
Dr. Francine Odio,1,20,1,0
Andrew Rogers,1,3,1,0
Katherine Rogers,1,3,1,0
Julie Oberlin,1,8,1,0
Molly  Roha-Fuentes,1,10,1,0
Lauren O'Rourke,1,5,1,0
Mark O'Laughlin,1,20,1,0
Courtney  Rohr,1,7,1,0
JENNIFER  O'HARE,1,4,1,0
Kristen O'Dwyer,1,7,1,0
Kelly O'Donnell,1,5,1,0
Andrea Roland,1,10,1,0
Laura Roland,1,17,1,0
Solana Olsen,1,19,1,0
Billie Olsen,1,20,1,0
Dr. Christine Olson,1,29,1,0
Alyssa Rodriguez,1,7,1,0
Irina Rodriguez,1,3,1,0
Casey OSullivan,1,4,1,0
Shari Ostroff,1,10,1,0
Julia Ortega,1,5,1,0
Hinda Osina,1,9,1,0
Diana Orns-Grant,1,8,1,0
Desiree Rodriguez,1,3,1,0
Justine Osborne,1,13,1,0
Margaret Rodriguez,1,3,1,0
Sage  Olson,1,3,1,0
Jacklyn Rodriguez,1,7,1,0
Gloria Rodriguez,1,15,1,0
Lilian Rodriguez-Brown,1,3,1,0
Maria Rodriguez-Fischer,1,14,1,0
Calley Roers,1,10,1,0
Amie Ortiz,1,5,1,0
Ruth Omorowa,1,12,1,0
Karen Olson,1,10,1,0
Gabriela O'Dell,1,18,1,0
Joshua O'Connor,1,3,1,0
Cathy O'Brien,1,6,1,0
Dr. Shana Nichols,1,23,1,0
Bethany  Nixon,1,6,1,0
Dr. Arti Nigam,1,12,1,0
Aubrie Nielsen-Hernandez,1,3,1,0
Jeremy Rosene,1,7,1,0
Eliot Rosenstock,1,5,1,0
Felicia  Nicosia,1,18,1,0
Kei Nguyen,1,4,1,0
Katharine Nicholson,1,9,1,0
Tina Ross,1,3,1,0
Kristie Nobles,1,3,1,0
Raimi Ross,1,7,1,0
Mariah Rossel,1,3,1,0
Dr. Tran Nguyen,1,7,1,0
Evan Neufeld,1,15,1,0
Dr. Frederick Rotgers,1,40,1,0
Janee Nesbitt,1,10,1,0
Tiffany Young,1,9,1,0
Temima Rothmel,1,3,1,0
Keri Rosen,1,10,1,0
Daisy Noboa,1,5,1,0
Kelly O'Brien,1,15,1,0
Teri Nugent,1,10,1,0
Stephen O'Brien,1,20,1,0
Dr. Diane O'Brien,1,21,1,0
John O'Bell,1,9,1,0
Brennan Nykreim,1,3,1,0
Sharleen Nwakwesi,1,28,1,0
Migdalia Roman,1,15,1,0
Esmeralda Nuñez,1,7,1,0
Angela Nunez,1,11,1,0
Lareane Nuby,1,3,1,0
Rachel Noderer,1,3,1,0
Taleisha Rooney,1,10,1,0
Shannon Roosma,1,8,1,0
Diana Norton,1,35,1,0
Shakea Roper,1,3,1,0
Michelle Norton,1,7,1,0
Alisa Norton,1,11,1,0
Tabitha Nordlof,1,11,1,0
Alicia Nohle,1,10,1,0
Andrew Silver,1,9,1,0
Scott Silver,1,13,1,0
Sarah Leach,1,12,1,0
Dr. Aja Temple,1,,1,0
Cherisse Thibaut,1,5,1,0
Thomas Haffner,1,20,1,0
Tara Guden,1,3,1,0
Ashley Hady,1,6,1,0
Lisa  Thiel,1,11,1,0
Harly Gruenbaum,1,3,1,0
Lindsey Thielmann,1,4,1,0
Sarah Grudier,1,4,1,0
Dr. LEE ANN THILL,1,20,1,0
Jeremiah Hackett,1,8,1,0
Kayla Gruber,1,3,1,0
Ross Grossman,1,25,1,0
Kayla Gross,1,3,1,0
Jennifer Gross,1,5,1,0
Nicole Tholmer,1,7,1,0
PT Gross,1,6,1,0
Dr. Elizabeth Teklinski,1,12,1,0
Dr. Tracy-Kate Teleke,1,8,1,0
Megan Telgemeyer,1,8,1,0
Melissa Gutierrez,1,7,1,0
Mark Gutierrez,1,10,1,0
Phillip Guttmann,1,10,1,0
Blaire Taylor,1,10,1,0
Erin Hamer,1,7,1,0
Erin Hanley,1,12,1,0
Dr. Umieca Hankton,1,14,1,0
Rosa Terry,1,10,1,0
Kris Taylor,1,3,1,0
Maggie Hank,1,6,1,0
Aziza Hamed,1,5,1,0
Ida Terry,1,22,1,0
Missy Reed,1,4,1,0
Kathryn Therrien,1,10,1,0
Marcia Hale,1,17,1,0
Charlotte Haigh,1,3,1,0
Chelsea Haaland,1,3,1,0
Robbie Haggard,1,14,1,0
Bernadette Guidry,1,14,1,0
Dr. Hindi Guglielmo,1,10,1,0
Laura Guglielmi,1,4,1,0
Raymond Hagermann III,1,5,1,0
Scott Grizzle,1,3,1,0
Terri Griswold-Dodgson,1,6,1,0
Kiernan Hamilton,1,14,1,0
Melissa Griswold,1,3,1,0
Rebecca Gremaud,1,11,1,0
Lorel Grande,1,3,0,1
Dedra Gregory,1,4,1,0
Tierra  Gregory,1,10,1,0
Kristin Green,1,13,1,0
Earl  Green,1,3,1,0
Amanda Timonere,1,3,1,0
Valencia  Thomas,1,8,1,0
Emily Good,1,5,1,0
Joyce Graham,1,8,1,0
Janine  Graff,1,20,1,0
Virginia Thomas,1,10,1,0
Amy Gorton,1,13,1,0
Elizabeth Grady,1,6,1,0
Dr. Dwonna Thompson Lenoir,1,19,1,0
Adrian Gonzalez,1,3,1,0
Marsha Tipelin,1,20,1,0
Ashley Tippetts,1,3,1,0
Myea  Thomas,1,3,1,0
Briana Thomas,1,5,1,0
Mercedes  Green,1,3,1,0
Jamie Grandy,1,5,1,0
Michelle Grimmer,1,5,1,0
Brittany Gray,1,8,1,0
Sharia Thomas,1,15,1,0
Amanda Grippi,1,18,1,0
Natalie Gray,1,12,1,0
Kellisha Gray,1,5,1,0
Andrea Gregg-Martin,1,20,1,0
Candace Gregg,1,3,1,0
Angelica Gray,1,3,1,0
Aina  Greene,1,15,1,0
Dr. Beckie Grgich,1,20,1,0
Artina Thomas,1,3,1,0
Marie Graven,1,9,1,0
Jacqueline Gravell-O'Kane,1,10,1,0
Netta Greenblatt,1,8,1,0
Kathleen Grassetti,1,7,1,0
Sally Grant,1,16,1,0
Diana Green,1,5,1,0
Melvin Grier,1,3,1,0
Eva Taylor,1,10,1,0
Jessica Hamilton,1,13,1,0
Mary Stumpe,1,3,1,0
Robin Switzer,1,11,0,1
Allie Hennis,1,19,1,0
Ken Hazlewood,1,18,1,0
Megan Hendrix,1,3,1,0
Amber Hayslett-Atkison,1,15,1,0
Adi Hendler,1,6,1,0
Barbara Sweeney,1,3,1,0
Linda Hedstrom,1,18,1,0
Linnette Haynes,1,10,1,0
Stephanie Swan,1,3,1,0
Christina Healey,1,3,1,0
Jeremy Swanburg,1,5,1,0
Lisa Hayes,1,4,1,0
Rachel Swanson,1,3,1,0
Julie Swensen,1,,1,0
Anna Swift,1,10,1,0
David Swineheart,1,30,1,0
Megan Healey,1,10,1,0
Brian Hayes,1,3,1,0
Layla Hayes,1,5,1,0
Scott Heise,1,10,1,0
Nicole Henry,1,3,1,0
Diana Heliotes,1,25,1,0
Adam Hilton,1,13,1,0
Jessica Hernandez,1,7,1,0
Laura Hermann Gonzalez,1,15,1,0
Eileen Summit,1,17,1,0
Kaitlyn Heuer,1,5,1,0
Carla Herm-Vanover,1,15,1,0
Carolina Suarez,1,5,1,0
Vanessa  Hinklein,1,20,1,0
Megan Hines,1,10,1,0
Myoung Shin Hilson,1,10,1,0
Jada Helmer,1,7,1,0
Rosanne Surine,1,24,1,0
Destiny Hillhouse,1,3,1,0
Kari Pelletier,1,3,1,0
Yovonda Hill,1,10,1,0
Shaun Hill,1,12,1,0
Sara Sutherland,1,4,1,0
Danica Hemmann,1,10,1,0
Lynnae Hensley,1,11,1,0
Amanda Hemp,1,20,1,0
Lakesha Hayes,1,3,1,0
Fiona Hall,1,15,1,0
Jessica Haworth,1,5,1,0
Megan Harrington,1,7,1,0
Merrill Tamiya,1,12,1,0
Dr. Martin Tamkin,1,15,1,0
Dr. Francine Harper,1,11,1,0
Alvin Tan,1,4,1,0
Nick Harper,1,9,1,0
Ian Taylor,1,3,1,0
Keisha Tanner,1,3,1,0
Dr. Erica Handon,1,11,1,0
Sophie Halpern,1,6,1,0
Candice Halley,1,3,1,0
Marc Hardy,1,28,1,0
Karly Tennant,1,10,1,0
Gail Taylor,1,18,1,0
Samantha Hall,1,6,1,0
Dr. Dominique Hammonds,1,3,1,0
John Harder,1,29,1,0
Julie Hansford Franco,1,15,1,0
Shontrice Hansen,1,10,1,0
Zella Harrington,1,6,1,0
Marissa Harris,1,20,1,0
Keith Harris,1,20,1,0
Dr. Ariel Harrison,1,3,1,0
Helena  Hawley Grano,1,34,1,0
Dr. Tiffany Sylvestre,1,3,1,0
Anne Hauer,1,25,1,0
Mark Harswick,1,10,1,0
Tykesia  Hathorne,1,5,1,0
Shakiya Harrison,1,6,1,0
Kanisha Harrison,1,3,1,0
AJA HARRISON,1,8,1,0
Molly Haskell,1,3,1,0
Deana Harris,1,10,1,0
Hadeel  Hasan,1,3,1,0
Omolola Taiwo,1,7,1,0
Chelsie Harris,1,3,1,0
Genice Harvey,1,6,1,0
Dr. Mekel Harris,1,20,1,0
Shelby  Harvey,1,3,1,0
Joanne Talbot Miller,1,3,1,0
Randall Harvey,1,9,1,0
Debbie Gonzalez,1,3,1,0
Rachel Goodwin,1,3,1,0
Alan Goodstat,1,30,1,0
Emily Frank,1,15,1,0
Jane Galli,1,10,1,0
Jessica Gallant,1,3,1,0
Roselyn Furlow,1,6,1,0
Erica Turner,1,5,1,0
Alanna Turner,1,6,1,0
Dr. Jeffrey Friedman,1,7,1,0
Rosie Friday,1,9,1,0
Gianna Trombino,1,5,1,0
Stacy Tron,1,12,1,0
Dr. Katherine Freiman-Fox,1,31,1,0
Mackenzie Frawley,1,4,1,0
Dr. Donna Freeman,1,21,1,0
Rachel Fournier,1,3,1,0
Chenita Freeman,1,10,1,0
Donya Franklin,1,12,1,0
Chelsea  Freelon,1,7,1,0
Sylvia Franklin,1,20,1,0
Kellie Foster,1,6,1,0
Sheila Frederick,1,3,1,0
Dr. Jordyn Trockman,1,13,1,0
Dr. Patricia Frueh,1,27,1,0
Dr. Gail Gabbert,1,30,1,0
Anthony Fulco,1,8,1,0
Augustina Garba,1,18,1,0
Dr. Priscilla Gales,1,10,1,0
Vicky Garafola,1,10,1,0
Courtney Gannon,1,5,1,0
Lisbeth Gannon,1,3,1,0
Christopher Fuller,1,8,1,0
Annemarie Gambla,1,25,1,0
Tracey  Trimble,1,3,1,0
Jeffrey Gagliardi,1,3,1,0
Candace Fruge,1,12,1,0
"Dr. Charles Tullis, Jr.",1,36,1,0
Darlene Fuentes,1,7,1,0
Brittney  Turange,1,7,1,0
Jeanette Gallus,1,30,1,0
Courtney Gabriel,1,10,1,0
Yelitza Gallimore,1,6,1,0
Alice Fry,1,3,1,0
Amy Gallimore,1,26,1,0
Dr. Aimee Foster,1,3,1,0
Lydia Frazier,1,3,1,0
Olivia Tise,1,5,1,0
Dr. Christina Forzani,1,15,1,0
Kiliko Jones,1,10,1,0
Kayla Fisher-Poling,1,7,1,0
Angela VanWright,1,14,1,0
Tali Fisher,1,15,1,0
Catherine Fliszar,1,9,1,0
Jennifer Fisher,1,3,1,0
Julie Fliss,1,3,1,0
Lorene Floyd,1,30,1,0
Secquana Flowers,1,10,1,0
Julie Valenziano,1,10,1,0
Megan Fisher,1,6,1,0
Dr. Lisa Vallejos,1,18,1,0
Candice Fiorini,1,10,1,0
Stacy Musial,1,10,1,0
Patti Finton,1,7,1,0
Caroline Unruh,1,3,1,0
Dr. Todd Finnerty,1,17,1,0
Jacqueline Van Arnold,1,4,1,0
Chelsey Fjeldheim,1,3,1,0
Alexandra Valencia,1,6,1,0
Katherine Flynn,1,25,1,0
Ashley Focht,1,5,1,0
David Vaccaro,1,10,1,0
Chelsea  Frank,1,3,1,0
Dr. Frances VanBockel,1,20,1,0
Stacy Frazier,1,3,1,0
Billie Frances,1,,1,0
Benjamin France,1,5,1,0
Dr. Chris Fragiskatos,1,20,1,0
Jason Frable,1,12,1,0
Anita Vaccaro,1,20,1,0
Allison Vadasz,1,10,1,0
Kimberley VanHaitsma,1,10,1,0
Jennifer Forrest,1,8,1,0
Susan Vanderpool,1,35,1,0
Kamisha Ford,1,10,1,0
Melissa Ford,1,3,1,0
Andrea Ford,1,7,1,0
Ryan Forbes,1,9,1,0
Dr. Louisa Footman,1,8,1,0
Daniel Fong,1,13,1,0
Shakia Fuller,1,3,1,0
Kathryn Galeski,1,15,1,0
Dr. Raisa Garcia,1,6,1,0
Geraldine Gallagher,1,30,1,0
Thomas Thompson,1,4,1,0
Meghan Gilbert,1,3,1,0
Taina Thorpe,1,6,1,0
Casey Gold,1,4,1,0
Kristen Girardi,1,15,1,0
Kathleen Ginsberg,1,7,1,0
Arthur Ginley,1,3,1,0
Michelle Tomaskie,1,8,1,0
Rebecca Gingrich,1,9,1,0
Clifton Glore,1,10,1,0
Shannon Tomkins,1,3,1,0
Marci Gilpin,1,20,1,0
Beatrice Tomlinson,1,3,0,1
Keeneya Glenn,1,15,1,0
Erika Gilmore,1,7,1,0
Genera Gilliam,1,14,1,0
Chris Trotter,1,7,1,0
Kassandra Gibbs,1,4,1,0
Eular Gibbs,1,40,1,0
Melissa Goldberg,1,4,1,0
April Gilchrist,1,10,1,0
Cynthia Gladyness,1,20,1,0
Mitra Golriz,1,15,1,0
Xochitl Gonzalez,1,4,1,0
Dr. Tonia Goodrich,1,8,1,0
Ashley Gonzalez,1,3,1,0
Mondie Gonzales,1,15,1,0
Venita  Gowdy,1,13,1,0
Arthur Gonzales,1,9,1,0
John Gould,1,8,1,0
Dr. Arminda Gomes,1,13,1,0
Lisa Golightly,1,10,1,0
Jaynee Golden,1,9,1,0
Kristi Gilleland,1,10,1,0
Geoffrey Golia,1,8,1,0
Michael Goldsmith,1,12,1,0
Michael Thompson,1,17,1,0
Jennifer Goldenberg,1,9,1,0
Dr. Jennifer Gildner,1,17,1,0
Everett Tolbert,1,6,1,0
Dr. Roshonda Tolbert,1,13,1,0
Karen Giannone,1,25,1,0
Marina Tonkonogy,1,15,1,0
Natasha Troutman,1,3,1,0
Dr. Donna Gardner,1,20,1,0
Tameika Gay,1,7,1,0
Renee Garnier,1,10,1,0
Alisha Gates,1,3,1,0
Melissa Garner,1,6,1,0
Glaiza Gatdula,1,4,1,0
Dr. Megan Tsang,1,11,1,0
Dr. Marilee Garfield,1,28,1,0
Taylor Garff,1,7,1,0
Allyson Torres,1,4,1,0
Peggy Garrett,1,20,1,0
Frances  García-Barna,1,8,1,0
April  Garcia,1,5,1,0
Anna Torres,1,15,1,0
Dr. Anna Garcia,1,35,1,0
Megan Garcia,1,6,1,0
Dr. Michelle Garcia,1,10,1,0
Terry Garcia,1,4,1,0
Prof. Ariana Garcia,1,5,1,0
Mandi Trefcer,1,8,1,0
Sharon Gayle,1,7,1,0
Amy Troy,1,5,1,0
Brandi  Geddings,1,5,1,0
Dr. Jennifer Gess,1,8,1,0
Shandi Gerkin,1,3,1,0
Carla  Gehle,1,3,0,1
Cassandra Tordosinsky,1,9,1,0
Suzanne Gentry,1,3,1,0
Esther Geffner,1,10,1,0
Cinda Gee,1,12,1,0
Dr. Irina Gelman,1,3,1,0
Gabriel Trujillo,1,7,1,0
Carlos Gaytan,1,3,1,0
Asmait Gebrekristos,1,12,1,0
Lyndsey Gear,1,3,1,0
Jennifer Geiter,1,12,1,0
Sarita Trawick,1,6,1,0
Ann Geismar,1,25,1,0
Marikay Gazda,1,28,1,0
Eugene Garrison,1,15,1,0
Armin Geiger,1,11,1,0
Daniela Hernandez,1,8,1,0
Shannon Hernandez,1,11,1,0
Megan Silvestri,1,9,1,0
Jodi Kehler,1,13,1,0
Allison Kemble,1,8,1,0
Kathleen Kelly-Dishno,1,15,1,0
Adrianne Smith,1,7,1,0
Dr. Nancy Kenyon Richardson,1,7,1,0
Phyllis Smith,1,5,1,0
Nicholas Smith,1,9,1,0
Traci Kent,1,13,1,0
Stephanie Smith-Daniel,1,3,1,0
Zainab Killidar,1,3,1,0
Dr. Keley Smith-Keller,1,3,1,0
Anastasia Smith-McEwen,1,9,1,0
JENNIFER KILLBY,1,13,1,0
Dr. William Kelley,1,24,1,0
Dr. Thomas  Keller,1,24,1,0
Stacey Smyczynski,1,25,1,0
Mary Helen Kellam,1,5,1,0
Dr. Stacie Keirsey,1,9,1,0
Dunia Kassay,1,3,1,0
Steven Keightley,1,15,1,0
Shannon Smith,1,16,1,0
Heather Kemper,1,20,1,0
Jenny Kendall,1,15,1,0
Kristine Smith,1,5,1,0
Lexie Smith,1,3,1,0
Charlene Smith,1,3,1,0
Pamela Knaffle,1,3,1,0
Charna Smith,1,3,1,0
Alexandra Kirkland,1,5,1,0
Michaela Kohmetscher,1,20,1,0
Diane Kohm,1,22,1,0
Angela Schiessl,1,3,1,0
Monitetra King,1,3,1,0
Heather Smith,1,3,1,0
Jeanine Smith,1,13,1,0
Adrian King,1,3,1,0
Salma Khan,1,12,1,0
Lindia   Key,1,10,1,0
Jacquelyn  Kesserman,1,6,1,0
Kuma Kennedy,1,14,1,0
Suntia Smith,1,3,1,0
Carol Kimbro,1,16,1,0
Erin Kehrier,1,10,1,0
Michelle Karr,1,15,1,0
Trevor Knight,1,15,1,0
Giselle Kalnasy,1,3,1,0
Debra Sorkow-Kochakji,1,35,1,0
Aracely Sorrels,1,13,1,0
Monica Sosa,1,3,1,0
Hyungbum Kang,1,3,1,0
"Chamberli ""Chami"" Kane",1,20,1,0
Kerry Kane,1,20,1,0
Amy Kabler,1,12,1,0
Shirley Southard,1,20,1,0
Bapuamoyo Kambeya,1,6,1,0
Bradley Jump,1,3,1,0
David Julian,1,20,1,0
Christina  Judeh,1,11,1,0
Lisa Joswick,1,3,1,0
Dione Joseph-Breckenridge,1,5,1,0
Anita Jordan,1,3,1,0
Sheri Jordan,1,3,1,0
Jelka Jonker,1,19,1,0
Tina Jones-Wallace,1,12,1,0
Melanie  Jones,1,16,1,0
Lisa Kantor,1,25,1,0
Jane Kearney,1,3,1,0
Charity Sophus,1,3,1,0
Emily Keen,1,8,1,0
Mary  Snyder,1,15,1,0
Maureen Karol,1,21,1,0
Priscilla Sobremonte,1,24,1,0
Rhonda  Soirez,1,3,1,0
Leah Kalk,1,9,1,0
Theresa Solberg,1,5,1,0
Laurel Sole',1,14,1,0
Elayne Soler-Cummings,1,4,1,0
Kristine Karig,1,8,1,0
Jessica Kahnke,1,8,1,0
Jaime Keel,1,7,1,0
Patrick Kalaw,1,5,1,0
Whitney Keefner,1,3,1,0
Nancy Solow,1,25,1,0
Markroel Solte,1,5,1,0
Eileen Somerville,1,3,1,0
Keith Karabin,1,23,1,0
Dr. Eliot Kaplan,1,25,1,0
Kassandra Kite,1,5,1,0
Katerina Konstantopoulos,1,20,1,0
Carrie  Summers,1,7,1,0
Lisa Slater,1,23,1,0
Carolina Lara-Lerma,1,10,1,0
JoAnne Singh,1,14,1,0
Jacob Lapides,1,10,1,0
Paula Laoch,1,4,1,0
Donna Singleton,1,5,1,0
Lesa Sipperly,1,20,1,0
Brittany Lanford,1,3,1,0
Lisa Laney,1,4,1,0
Katrina Lane,1,30,1,0
Dr. Ife  Landsmark,1,43,1,0
Heather Kromer,1,13,1,0
Vanessa Lambrix,1,6,1,0
Saundra Krieger,1,34,1,0
Joseph Lambrelli,1,7,1,0
Jenny Krick,1,5,1,0
Sara Lacaria,1,4,1,0
Caitlyn Skurski,1,5,1,0
Rochelle Sladky,1,3,1,0
Lawrence Lamb,1,20,1,0
Melisa Sims,1,12,1,0
Edward Larkin,1,23,1,0
Jilla Lavian,1,20,1,0
Amelia Laurent-Julien,1,3,1,0
Nghia Le,1,3,1,0
Alyssa Lazzeroni,1,3,1,0
Willie Simmons,1,30,1,0
Evan Lawrence,1,3,1,0
Abi Simmons,1,12,1,0
Arlette  Simmons,1,15,1,0
Victoria  Simon,1,6,1,0
Holly Laut,1,3,1,0
Melissa Simonini,1,3,1,0
Michelle Simpson,1,9,1,0
Jessica Latin,1,7,1,0
Kristine Lassiter,1,3,1,0
Thamar Simplice,1,9,1,0
Braden Larson,1,3,0,1
Faith  Simpson,1,12,1,0
Alexis LaRowe,1,5,1,0
Dr. Gaynell Simpson,1,7,1,0
Naomi Simpson,1,3,1,0
Brian Krause,1,3,1,0
Kimberly Kraus,1,15,1,0
Cory Kitt,1,11,1,0
Dr. Michael  Labib,1,3,1,0
Dr. Julie Lackaff,1,10,1,0
Debrah Kulusich,1,22,1,0
Stephanie Kuehl,1,22,1,0
Kristina Kubli,1,4,1,0
Kim Kruse,1,14,1,0
Aaron Krugman,1,5,1,0
Connie Koerner-Bean,1,20,1,0
Kait Klipsch-Abudu,1,7,1,0
Dasha Kotalik,1,10,1,0
Nicole  Koch,1,17,1,0
Matt Knudsvig,1,11,1,0
LaVonda Knox,1,15,1,0
Sophia Kornegay,1,5,1,0
Dr. Michael Koren,1,8,1,0
Breanna Klebanoff,1,4,1,0
Diana Klebanoff,1,30,1,0
Kim Knoeller,1,14,1,0
Melinda Klapheke,1,3,1,0
Peter Kopcha,1,3,1,0
Kara Kowalski,1,10,1,0
Helen  Cruz,1,11,1,0
Arthur Lacour,1,10,1,0
Karen Lago-Fairey,1,40,1,0
Kathy Slaughter,1,10,1,0
Francine Lalande,1,10,1,0
Patricia (Pat) La Plante,1,30,1,0
Erika Sledge,1,8,1,0
Amber Kwentus,1,3,1,0
Janelle Kwak,1,8,1,0
Jaclyn Slesareva,1,3,1,0
Wendy Sloan,1,20,1,0
Elly Kuypers,1,10,1,0
Dr. Emily Kowalski,1,11,1,0
Brandon Kutmas,1,4,1,0
Nikolous Kuster,1,13,1,0
Jill Kozberg,1,25,1,0
Ashley Koza,1,3,1,0
Dr. MarySue Smelcer,1,15,1,0
Ashley Smerdon,1,5,1,0
Tara Lacoursiere,1,5,1,0
Amber Smiley,1,3,1,0
Christina Jones,1,13,1,0
Dr. Marjorie Jones,1,12,1,0
Victor Jones,1,25,1,0
Sharon Hollandsworth,1,35,1,0
Dominique  Horton,1,10,1,0
Zach Holzman,1,6,1,0
Mark Stoll,1,15,1,0
Carolee Horning,1,3,1,0
Crystal Holsopple,1,3,1,0
Bianco Holmon,1,5,1,0
Jill Holmes-Brown,1,20,1,0
Cassie Holmes,1,4,1,0
Kimberly Hopkins,1,9,1,0
Rebecca Stone,1,17,1,0
Eric Holmes,1,12,1,0
Wendy Hooker,1,19,1,0
Stacia Hood Lankford,1,23,1,0
Lorraine Storm,1,6,1,0
Anitra Holloway,1,9,1,0
Dr. Sheila Honig,1,45,1,0
Emmy Holloman,1,9,1,0
Isis Hones,1,3,1,0
Carolyn Hollingshead,1,22,1,0
Rachel Houck,1,9,1,0
Rayna  Houvouras,1,9,1,0
Tamara  Stirling,1,12,1,0
Cindy Sterne,1,25,1,0
Laura Husband,1,9,1,0
Keanimaikalani Hueu,1,4,1,0
Philip Sterdt,1,3,1,0
Jacqueline Hunter,1,8,1,0
Bradley Hunt,1,18,1,0
Jacquelyn Hunt,1,8,1,0
Kristen Stewart,1,3,1,0
Naomi Sternberg,1,30,1,0
Angie Stewart,1,4,1,0
Timeka Howard,1,20,1,0
Jessica Hubley,1,3,1,0
Dr. Melissa Huber,1,3,1,0
Doreen Stewart,1,30,1,0
Francesca Hrezo,1,6,1,0
Erin Howse,1,3,1,0
Meghan Howie-Timmel,1,20,1,0
Brittany Hower,1,6,1,0
Shannon Howell,1,30,1,0
Lauren Stout,1,7,1,0
Talisa Stowers,1,3,1,0
Curtis Spears,1,13,1,0
Dr. Stephanie Stowman,1,9,1,0
Amy Sullivan,1,15,1,0
Stephanie Herrick,1,5,1,0
Mary Sullivan,1,18,1,0
Renette Herrera,1,13,1,0
Elnora Hiers,1,10,1,0
Jennifer Hickson,1,7,1,0
Elaine Hicks,1,3,1,0
Nathaniel Stuart,1,3,1,0
Paul Hernandez Jr. LPC.S,1,28,1,0
Robert Stubbs,1,3,1,0
Sami-Jo Stubbs,1,3,1,0
Monica Hernandez,1,6,1,0
Justin Hernandez,1,13,1,0
Angelia Hicks,1,10,1,0
Joan Sulzmann,1,30,1,0
Meghan Suman,1,5,1,0
Sherri Hicks,1,6,1,0
Alan Hickey,1,6,1,0
Jack Hernandez,1,25,1,0
Sharmika Higgins,1,7,1,0
Dr. Sabryna Herring-Antwine,1,3,1,0
Andrea High,1,3,1,0
Kiley Hoffman,1,7,1,0
Jim Hogan,1,20,1,0
Mike Hofstetter,1,3,1,0
Katherine Holland,1,32,1,0
Kathlene “Kat” Strangeman,1,13,1,0
Mike Stranges,1,14,1,0
Kim Holland,1,10,1,0
Corey Strickland,1,17,1,0
Kayla Hoffman,1,8,1,0
Kelsey Hofer,1,5,1,0
Candice Hildebrand,1,10,1,0
Shannon Stringer,1,3,1,0
Stephanie Hodges,1,11,1,0
Connie Hobbs,1,7,1,0
Caitlin Sulfridge,1,6,1,0
Gina Strong,1,7,1,0
Alison Hite,1,10,1,0
Dr. John Hill,1,33,1,0
Angela Hill,1,17,1,0
Marsha Hutchens,1,5,1,0
Kimberly Hutchins,1,6,1,0
Jessica Hughes-Fillette,1,19,0,1
Brittney Hughley-Thompson,1,3,1,0
Correlia Johnson,1,9,1,0
Nancy Johnson,1,20,1,0
Lesli St John,1,9,1,0
Barbara Johnson,1,30,1,0
Dr. Veneisha  Johnson,1,20,1,0
Rhea  Spina,1,3,1,0
Natalie Johnson,1,9,1,0
Erika St. Peter,1,6,1,0
Tenisha Johnson,1,5,1,0
Christina Spinler,1,12,1,0
Nakisha Johnson,1,20,1,0
Darnell Johnson,1,11,0,1
Amber Johnson,1,5,1,0
Jonathan Spodick,1,18,1,0
Michelle Jerard,1,9,1,0
Jennifer Jennings,1,10,1,0
Courtney  Jennings,1,15,1,0
Tamika Jenkins,1,19,1,0
Joseph Stanfill,1,5,1,0
Veronica Johnson,1,10,1,0
Johnny Johnson,1,10,1,0
Jaclyn Squeglia,1,10,1,0
Aneka Spencer,1,3,1,0
Bridget Speer,1,22,1,0
Devin Jones,1,10,1,0
David Spellman,1,9,1,0
Angela Jones,1,16,1,0
Lori Jones,1,7,1,0
NaTasha Jones,1,6,1,0
Alexandra Jolly,1,3,1,0
Teena Spencer,1,10,1,0
Dr. Betsy Johnston,1,15,1,0
Christine Johnson,1,14,1,0
Kayla Jones,1,4,1,0
Susan Spensley,1,23,1,0
Afton Jones,1,8,1,0
Bevelyn Johnson,1,25,1,0
Lou Ellen Johnson,1,20,1,0
Jennifer Sprinkle,1,8,1,0
Kevin Spurgers,1,3,1,0
Julie Johnson,1,10,1,0
Trondi Jerry,1,7,1,0
Erin Stanley,1,5,1,0
Kara Stansbury,1,5,1,0
Katie Ingram,1,3,1,0
Carmella Jackson,1,16,1,0
Dr. Jan Jackson,1,35,1,0
Veronica Isidron,1,3,1,0
Amy Iseman,1,20,1,0
Sarah Jackson,1,5,1,0
Irwin Isaacs,1,3,1,0
Sandy Stein,1,18,1,0
Kelsey Irving,1,4,1,0
April Ildvad,1,3,1,0
Shonette Jackson-Umeh,1,3,1,0
Neil Steinert,1,11,1,0
Jason Ickovitz,1,8,1,0
Kay Ibarra,1,29,1,0
Katlund Iandosca,1,6,1,0
Dr. Shawn Hysten-Williams,1,10,1,0
Rachel Hypolite,1,5,1,0
Rachael Stensrud,1,3,1,0
Robert Huguenot,1,6,1,0
Shanna Jackson,1,5,1,0
Kattie Staudermann,1,3,1,0
Tatiana Jean-Winder,1,11,1,0
Britta Starke,1,15,1,0
Brittany Jean-Louis,1,9,1,0
Julie Lynn Stanton,1,30,1,0
Christina Janis,1,8,1,0
DeAndrea Jamith,1,7,1,0
Jennifer James-Witteveen,1,3,1,0
Prof. Jamilia James,1,6,1,0
Dr. Donna Stapp,1,3,0,1
Tiffanie James,1,3,1,0
Sherard Starks,1,3,1,0
Tendra Statom,1,4,1,0
Kristen Jalovecky,1,3,1,0
Rebecca Jaggernauth,1,11,1,0
Michelle Starosky,1,26,1,0
Sophie Jaffe,1,5,1,0
Susan Jacobsen,1,28,1,0
Leesa Starrett,1,7,1,0
Dwayne Jacobs,1,3,1,0
Jordan Jackson,1,4,1,0
Dr. Danny Meadows,1,20,1,0
